0.001545
0.001223
0.001204
0.001369
0.000858
0.001008
0.000869
0.001744
0.001692
0.000844
0.001881
0.001189
0.001378
0.001301
0.001110
0.000886
0.000959
0.001231
0.001178
0.000932
0.000948
0.000823
0.001504
0.001329
0.001539
0.000923
0.001784
0.000991
0.001149
0.000872
0.001768
0.001963
0.000932
0.000886
0.001476
0.001329
0.001830
0.001161
0.001311
0.001383
0.000953
0.001402
0.001756
0.000891
0.001948
0.000946
0.001240
0.001828
0.001226
0.000915
0.001404
0.001703
0.001526
0.000871
0.001109
0.001087
0.000925
0.000892
0.001452
0.000894
0.000909
0.000892
0.001471
0.000898
0.001390
0.000874
0.001619
0.001121
0.001097
0.001201
0.001255
0.000900
0.001948
0.000895
0.001328
0.001284
0.001072
0.000983
0.000950
0.001575
0.001007
0.000923
0.001265
0.001896
0.000913
0.001598
0.001270
0.001269
0.001087
0.001707
0.000909
0.001177
0.001497
0.001443
0.001262
0.001875
0.001537
0.001551
0.001766
0.001415
0.000892
0.001519
0.000947
0.001182
0.000847
0.001434
0.001033
0.001150
0.001247
0.001000
0.001836
0.001947
0.001171
0.001171
0.001037
0.000918
0.000848
0.000864
0.000961
0.001220
0.000925
0.001374
0.001971
0.001794
0.000913
0.001634
0.000856
0.000967
0.000937
0.000878
0.001520
0.000887
0.001615
0.001158
0.001248
0.000910
0.000879
0.000859
0.001703
0.001284
0.001939
0.001227
0.001992
0.001348
0.000935
0.000866
0.000933
0.000934
0.000950
0.001702
0.000301
0.000957
0.001424
0.000933
0.001747
0.000881
0.000868
0.000858
0.000894
0.000893
0.001698
0.000998
0.001309
0.000895
0.001626
0.001951
0.000968
0.001163
0.001256
0.000819
0.001934
0.001322
0.001158
0.001319
0.001197
0.001338
0.001331
0.001208
0.000934
0.001646
0.001605
0.001936
0.001397
0.001323
0.001272
0.001101
0.000909
0.001755
0.000899
0.001045
0.002000
0.001593
0.001255
0.000952
0.001873
0.001259
0.001590
0.001036
0.000902
0.000833
0.000932
0.000972
0.001290
0.001247
0.001257
0.001681
0.001805
0.001168
0.001270
0.001206
0.001368
0.001469
0.001696
0.000898
0.001843
0.001200
0.001242
0.000963
0.001892
0.000820
0.000858
0.000850
0.000943
0.002073
0.001312
0.000829
0.002121
0.000851
0.001200
0.001924
0.000929
0.000902
0.000940
0.001307
0.001655
0.000909
0.000845
0.001283
0.001098
0.001066
0.000946
0.000914
0.000855
0.000895
0.001714
0.001228
0.000323
0.001375
0.000887
0.000905
0.000922
0.001879
0.000878
0.001955
0.001285
0.001188
0.000889
0.001438
0.001873
0.001308
0.001308
0.000726
0.001370
0.001230
0.000840
0.001965
0.001275
0.000961
0.000858
0.001800
0.001497
0.001147
0.001286
0.000890
0.000850
0.000990
0.000864
0.001766
0.001710
0.001869
0.001173
0.001491
0.001229
0.000951
0.001438
0.001662
0.001110
0.001336
0.001212
0.001156
0.001186
0.000273
0.000821
0.001078
0.000969
0.000936
0.000937
0.000991
0.001635
0.001306
0.000945
0.000931
0.001875
0.001496
0.000932
0.001722
0.000901
0.001197
0.000975
0.001111
0.000885
0.000955
0.001091
0.001231
0.001298
0.001470
0.000857
0.000858
0.000857
0.000930
0.000947
0.000845
0.000943
0.001049
0.000875
0.000943
0.002009
0.001545
0.000336
0.000851
0.001687
0.001998
0.000915
0.001906
0.000901
0.001252
0.001017
0.001548
0.001027
0.000961
0.000944
0.001186
0.001159
0.001165
0.000998
0.000922
0.001056
0.001413
0.000908
0.001504
0.000942
0.000915
0.001726
0.000898
0.001603
0.001280
0.002035
0.000944
0.001558
0.001184
0.001209
0.001252
0.001383
0.001370
0.001318
0.001066
0.001439
0.001188
0.001828
0.000834
0.001543
0.001980
0.001226
0.001223
0.001176
0.001120
0.001196
0.001304
0.001096
0.000898
0.001739
0.000893
0.000924
0.001909
0.001294
0.001275
0.001219
0.001878
0.000957
0.001217
0.000896
0.000949
0.000899
0.000932
0.000954
0.001023
0.000919
0.001866
0.000857
0.001770
0.000905
0.000862
0.000922
0.001270
0.000921
0.000896
0.000924
0.001954
0.001297
0.001280
0.001297
0.001902
0.001184
0.001143
0.001254
0.001128
0.001256
0.001197
0.001180
0.001137
0.000815
0.000725
0.001654
0.001189
0.001255
0.001429
0.001328
0.001959
0.000938
0.000957
0.000971
0.001641
0.000926
0.000947
0.001958
0.001273
0.001285
0.001651
0.000886
0.001634
0.000903
0.001668
0.000982
0.000908
0.001293
0.001224
0.000958
0.001218
0.000929
0.000877
0.000961
0.000975
0.001261
0.001309
0.000892
0.001219
0.001886
0.000856
0.000956
0.002104
0.001142
0.001247
0.001140
0.000943
0.000891
0.001882
0.001258
0.000964
0.002018
0.001711
0.000941
0.001126
0.001067
0.001202
0.001912
0.000929
0.000988
0.001637
0.001673
0.001196
0.001242
0.000938
0.000955
0.001004
0.001310
0.000924
0.001014
0.001778
0.000910
0.001742
0.000951
0.001541
0.001027
0.001304
0.001890
0.001370
0.001189
0.001233
0.001013
0.001955
