0.001776
0.001875
0.001418
0.001160
0.001854
0.001590
0.001151
0.001039
0.001772
0.001164
0.001732
0.001159
0.001158
0.001149
0.001146
0.001157
0.001330
0.001390
0.001346
0.001681
0.001179
0.001671
0.001145
0.001143
0.001068
0.001118
0.001062
0.001867
0.001801
0.001450
0.001407
0.001781
0.001721
0.001080
0.001411
0.001322
0.001156
0.001164
0.001147
0.001948
0.001781
0.001827
0.001737
0.001060
0.001190
0.001764
0.001145
0.001530
0.000205
0.001193
0.001515
0.001160
0.001149
0.001307
0.001869
0.001155
0.001161
0.001729
0.001153
0.001147
0.001606
0.001304
0.001671
0.002085
0.001195
0.001162
0.001748
0.001311
0.001175
0.001155
0.001304
0.001173
0.001652
0.001311
0.001333
0.001255
0.001174
0.001752
0.001178
0.001152
0.001163
0.001145
0.001202
0.001171
0.001758
0.001747
0.001167
0.001715
0.001119
0.001167
0.001895
0.001583
0.001753
0.001592
0.001182
0.001770
0.001173
0.001160
0.001159
0.001148
0.001164
0.001489
0.001399
0.001347
0.001588
0.001417
0.001166
0.001739
0.001319
0.001445
0.001123
0.001164
0.001195
0.001157
0.001297
0.001689
0.001214
0.001500
0.001834
0.001153
0.001196
0.001792
0.001160
0.001152
0.001364
0.001292
0.001179
0.001147
0.001160
0.001154
0.001158
0.001196
0.001144
0.001193
0.001659
0.001229
0.001163
0.001690
0.001202
0.001156
0.001052
0.001152
0.001165
0.001590
0.001753
0.001188
0.000486
0.001410
0.001151
0.001163
0.001120
0.001166
0.000946
0.001350
0.001852
0.000699
0.001341
0.001168
0.001491
0.001160
0.001151
0.001095
0.001222
0.001200
0.001134
0.001725
0.001167
0.001165
0.001178
0.001597
0.001788
0.001160
0.001171
0.001840
0.001507
0.001182
0.001148
0.001757
0.001179
0.001167
0.000975
0.001152
0.001135
0.001145
0.001124
0.001802
0.001131
0.001537
0.001428
0.001874
0.001138
0.001195
0.000219
0.001126
0.001662
0.001125
0.001381
0.001618
0.001039
0.001111
0.001422
0.001163
0.001141
0.001173
0.001131
0.001140
0.001090
0.001200
0.001265
0.001587
0.001343
0.001427
0.001115
0.001697
0.001129
0.001682
0.001477
0.001191
0.001715
0.001159
0.001173
0.001795
0.001164
0.001178
0.001171
0.001161
0.001161
0.001206
0.001068
0.001086
0.001165
0.001737
0.001351
0.001582
0.001315
0.001341
0.001599
0.001477
0.001157
0.001205
0.001196
0.001816
0.001366
0.001330
0.001812
0.001125
0.001074
0.001727
0.001994
0.001407
0.001810
0.001153
0.001170
0.001157
0.001876
0.001680
0.001836
0.001398
0.001843
0.001156
0.001158
0.001868
0.001091
0.001023
0.001790
0.001089
0.001421
0.001134
0.001172
0.001804
0.000992
0.001160
0.001778
0.001184
0.001016
0.001200
0.001179
0.000998
0.001718
0.001158
0.001170
0.001187
0.001587
0.001187
0.001725
0.001347
0.001841
0.001129
0.001136
0.001374
0.001167
0.001168
0.001717
0.001668
0.001166
0.001172
0.001162
0.000975
0.001931
0.001634
0.001472
0.001768
0.001501
0.001004
0.001160
0.001167
0.001393
0.001091
0.001145
0.001165
0.001200
0.001175
0.001612
0.001754
0.001174
0.000882
0.001349
0.001834
0.001171
0.001072
0.001553
0.001186
0.001730
0.001505
0.001196
0.001425
0.001177
0.001146
0.001157
0.001192
0.001165
0.001130
0.001163
0.001147
0.001170
0.001774
0.001299
0.001176
0.001669
0.001161
0.001171
0.001165
0.001176
0.001166
0.001679
0.000935
0.001195
0.001864
0.001189
0.002050
0.001176
0.001163
0.001185
0.001741
0.001141
0.001148
0.001322
0.001374
0.001118
0.001202
0.001240
0.000314
0.001344
0.001755
0.001180
0.001842
0.001160
0.001168
0.001169
0.001159
0.001223
0.001150
0.001162
0.001167
0.001169
0.001179
0.001119
0.001191
0.001196
0.001159
0.001194
0.001216
0.001798
0.001159
0.001026
0.001788
0.001072
0.001162
0.001143
0.001544
0.001125
0.001772
0.001173
0.001446
0.001436
0.001135
0.001388
0.001813
0.001165
0.001153
0.001153
0.001665
0.000888
0.001443
0.001754
0.001112
0.001203
0.001721
0.001727
0.001864
0.001694
0.001172
0.001707
0.001509
0.001490
0.001208
0.001727
0.001589
0.001159
0.001154
0.001547
0.001235
0.001596
0.001186
0.001116
0.001163
0.001214
0.001713
0.001299
0.001150
0.001734
0.001647
0.001084
0.001137
0.001726
0.001664
0.001830
0.001730
0.001419
0.001194
0.001143
0.001704
0.001141
0.001215
0.001790
0.001414
0.001155
0.001163
0.001149
0.001137
0.001114
0.001579
0.000858
0.001362
0.001477
0.001356
0.001838
0.001165
0.001617
0.001127
0.001071
0.001068
0.001700
0.001741
0.001687
0.001057
0.001773
0.001297
0.001144
0.001378
0.001490
0.001190
0.001343
0.001729
0.001856
0.001345
0.001658
0.001144
0.001140
0.001151
0.001160
0.001166
0.001779
0.001340
0.001709
0.001157
0.001161
0.000845
0.001154
0.001177
0.001155
0.001566
0.001156
0.001109
0.001761
0.001180
0.001979
0.001314
0.001350
0.001357
