0.001003
0.001041
0.000964
0.001024
0.001164
0.000976
0.001078
0.001043
0.001886
0.000506
0.000858
0.001631
0.001331
0.001226
0.000987
0.001023
0.001079
0.001048
0.001874
0.001026
0.001017
0.001118
0.001006
0.001065
0.001035
0.002089
0.001031
0.001091
0.001048
0.001044
0.001016
0.000994
0.001107
0.001354
0.002050
0.001306
0.001223
0.001039
0.001981
0.000974
0.001043
0.001090
0.001227
0.001062
0.001078
0.001193
0.001009
0.001005
0.001005
0.000978
0.001087
0.001140
0.001035
0.001062
0.001025
0.001075
0.001010
0.001032
0.001372
0.001054
0.000994
0.001006
0.001013
0.001368
0.000985
0.001016
0.001044
0.001118
0.001066
0.000984
0.001114
0.001045
0.001041
0.001059
0.001033
0.001035
0.001070
0.001027
0.001006
0.001814
0.001056
0.001021
0.001032
0.000994
0.001072
0.001030
0.001008
0.001107
0.001021
0.001049
0.001012
0.000976
0.001890
0.001020
0.001052
0.001107
0.000948
0.001097
0.001002
0.000980
0.001083
0.000993
0.001120
0.001621
0.001043
0.000992
0.001294
0.001049
0.001214
0.001131
0.001129
0.001626
0.001048
0.000976
0.001002
0.001583
0.001098
0.000985
0.001044
0.001031
0.000991
0.001005
0.001047
0.001035
0.001038
0.000984
0.000993
0.001070
0.000970
0.001057
0.001628
0.001046
0.001029
0.001087
0.000993
0.001163
0.001157
0.001133
0.001037
0.001090
0.000971
0.001037
0.001020
0.001038
0.001062
0.001875
0.001556
0.001172
0.001902
0.000939
0.001041
0.001025
0.000967
0.001055
0.001117
0.001075
0.000971
0.000982
0.001011
0.001002
0.001121
0.001119
0.001254
0.001122
0.001062
0.001058
0.000985
0.001121
0.001101
0.001007
0.001140
0.001001
0.001122
0.001112
0.001227
0.001381
0.001018
0.001058
0.000980
0.001033
0.001030
0.001850
0.001066
0.001064
0.000982
0.001069
0.001263
0.001056
0.001004
0.001085
0.001015
0.001371
0.001035
0.001123
0.000999
0.001246
0.001011
0.001053
0.001081
0.000996
0.001059
0.001048
0.001106
0.001045
0.000938
0.001073
0.001129
0.000968
0.001082
0.001997
0.000316
0.001277
0.001062
0.000972
0.001027
0.001764
0.001342
0.001253
0.000984
0.001019
0.001813
0.001027
0.001098
0.001046
0.001076
0.001033
0.001041
0.001126
0.001024
0.001036
0.000991
0.000976
0.001006
0.001020
0.001018
0.001011
0.000956
0.001036
0.000946
0.001036
0.001102
0.001890
0.001243
0.001018
0.001045
0.001133
0.001064
0.001066
0.001147
0.000993
0.001023
0.001047
0.000998
0.000973
0.000962
0.001122
0.000978
0.001011
0.001638
0.001394
0.001123
0.001021
0.001091
0.001228
0.001060
0.001086
0.001035
0.001097
0.001195
0.000959
0.001035
0.001155
0.001068
0.001241
0.001148
0.001045
0.001063
0.001367
0.001079
0.001899
0.001005
0.001004
0.001284
0.001266
0.000963
0.001040
0.001103
0.000968
0.001038
0.001001
0.001070
0.001466
0.002015
0.001193
0.000479
0.000841
0.001065
0.000552
0.001004
0.001037
0.001027
0.001056
0.000963
0.001254
0.001007
0.002008
0.001266
0.001216
0.001190
0.000571
0.001229
0.001299
0.001210
0.001250
0.001115
0.001243
0.001086
0.001075
0.001876
0.001019
0.001966
0.001771
0.001025
0.000994
0.001017
0.001052
0.000997
0.001063
0.000987
0.001078
0.001015
0.001006
0.001613
0.001072
0.001010
0.001042
0.001016
0.001321
0.001002
0.001065
0.001503
0.001131
0.001018
0.001037
0.001564
0.001022
0.001036
0.001089
0.001058
0.001127
0.001146
0.000987
0.001175
0.000964
0.001018
0.001768
0.002088
0.001293
0.001987
0.000547
0.000695
0.001204
0.001033
0.001115
0.001250
0.001018
0.001067
0.001014
0.000980
0.001021
0.001008
0.001081
0.001098
0.001104
0.001950
0.001051
0.001231
0.001114
0.000967
0.001042
0.001150
0.001100
0.001877
0.001797
0.000990
0.000998
0.001063
0.001059
0.001576
0.001148
0.000987
0.001861
0.000997
0.001193
0.001025
0.001048
0.001031
0.001040
0.000987
0.001183
0.001109
0.001039
0.001928
0.001253
0.001134
0.001117
0.001215
0.001217
0.001182
0.001309
0.001318
0.001284
0.001165
0.001364
0.001236
0.001669
0.000931
0.000865
0.001576
0.001186
0.001147
0.001299
0.000635
0.001473
0.001276
0.001357
0.001114
0.000566
0.001223
0.001186
0.001307
0.000340
0.001347
0.001382
0.001310
0.001300
0.001243
0.001246
0.001314
0.001225
0.001115
0.001199
0.001713
0.001096
0.001065
0.001160
0.001014
0.001534
0.001005
0.001002
0.001687
0.001053
0.001324
0.001053
0.001872
0.001036
0.001043
0.001050
0.001010
0.001858
0.001976
0.001035
0.000978
0.001016
0.000988
0.001035
0.001014
0.001062
0.001144
0.000980
0.001078
0.001166
0.000981
0.000989
0.001169
0.001033
0.001524
0.001719
0.000981
0.001030
0.001964
0.001252
0.001074
0.001075
0.000994
0.001983
0.001249
0.001156
0.000611
0.000498
0.000777
0.001617
0.001060
0.001036
0.001018
0.001081
0.001534
0.001016
0.001065
0.001002
