0.000814
0.000752
0.000869
0.001128
0.000888
0.000807
0.000757
0.001124
0.000851
0.000938
0.000796
0.000923
0.000844
0.001607
0.000834
0.000811
0.000845
0.001589
0.000846
0.000775
0.000933
0.001998
0.000864
0.000803
0.000993
0.000930
0.000915
0.000856
0.000905
0.000901
0.000848
0.000950
0.000986
0.000796
0.000919
0.000831
0.000977
0.000807
0.000883
0.000982
0.000888
0.000794
0.001020
0.000788
0.000751
0.000817
0.000967
0.000841
0.000831
0.000774
0.001571
0.000758
0.000822
0.001549
0.000960
0.000806
0.000828
0.000828
0.000949
0.001207
0.000927
0.000890
0.000902
0.000899
0.000810
0.000962
0.001532
0.000980
0.000963
0.000883
0.000887
0.001801
0.001126
0.001191
0.000523
0.000762
0.001470
0.001236
0.001028
0.000986
0.000784
0.000799
0.000954
0.000872
0.000805
0.001009
0.000916
0.000835
0.000835
0.000790
0.000889
0.000797
0.000836
0.000983
0.000943
0.000782
0.000942
0.000786
0.000840
0.000897
0.000979
0.000875
0.000750
0.000966
0.000886
0.000888
0.000819
0.000779
0.000792
0.000872
0.001197
0.000818
0.000779
0.000801
0.000921
0.000954
0.000919
0.000754
0.000978
0.001269
0.000849
0.000786
0.000893
0.000801
0.000828
0.000931
0.000932
0.000820
0.000773
0.000954
0.000882
0.001031
0.000803
0.000928
0.000909
0.000943
0.000921
0.000823
0.000825
0.000918
0.001749
0.000876
0.000912
0.001038
0.000883
0.000915
0.001077
0.000774
0.000920
0.000903
0.001265
0.000818
0.000948
0.000891
0.000794
0.000785
0.000790
0.000793
0.001016
0.000816
0.000712
0.000894
0.000758
0.000777
0.000913
0.000776
0.000835
0.001399
0.000949
0.000922
0.000801
0.000912
0.000954
0.000819
0.000923
0.000811
0.000992
0.000896
0.000806
0.000889
0.000910
0.000947
0.000963
0.000895
0.000761
0.000930
0.000923
0.000914
0.000948
0.000790
0.000942
0.001135
0.000992
0.001054
0.000769
0.000819
0.000930
0.000608
0.000435
0.000333
0.001196
0.000532
0.000525
0.002400
0.000852
0.000935
0.000976
0.000818
0.000786
0.000923
0.000790
0.000940
0.000797
0.000791
0.000815
0.001160
0.000814
0.000793
0.001427
0.000877
0.000863
0.001136
0.000766
0.000778
0.000897
0.001027
0.000888
0.000935
0.000812
0.000784
0.000810
0.000831
0.000787
0.001349
0.000904
0.001872
0.000897
0.000827
0.000916
0.000903
0.000903
0.000927
0.000941
0.000818
0.000932
0.001039
0.001072
0.000931
0.000788
0.000756
0.000801
0.001643
0.000882
0.000774
0.000825
0.000794
0.000903
0.000801
0.000985
0.000817
0.000900
0.000835
0.000978
0.000955
0.000903
0.000825
0.000905
0.000776
0.000940
0.000789
0.000817
0.000832
0.000816
0.000744
0.000916
0.000918
0.000952
0.000955
0.000895
0.000916
0.000822
0.000927
0.000805
0.000894
0.000793
0.000902
0.000925
0.000887
0.000933
0.000886
0.000909
0.000948
0.000924
0.001179
0.000806
0.000820
0.000884
0.000797
0.000819
0.001209
0.000961
0.000812
0.000954
0.000826
0.000908
0.001009
0.000911
0.000880
0.000858
0.000882
0.000833
0.000943
0.000809
0.000830
0.000930
0.000788
0.000944
0.000913
0.000806
0.000774
0.001128
0.001525
0.000854
0.000977
0.000952
0.000932
0.000928
0.000937
0.000795
0.000864
0.000797
0.000952
0.001238
0.000878
0.000942
0.000984
0.001506
0.000786
0.001746
0.000850
0.000780
0.000899
0.000795
0.000890
0.000781
0.000804
0.000945
0.000827
0.000840
0.001101
0.000890
0.000847
0.001476
0.000868
0.000775
0.000924
0.000870
0.000769
0.000974
0.000894
0.000810
0.001398
0.000784
0.000933
0.000929
0.000982
0.001041
0.000964
0.001138
0.000758
0.000876
0.000761
0.000850
0.000872
0.000798
0.000778
0.000915
0.000782
0.000804
0.000876
0.000940
0.000790
0.000859
0.000771
0.000790
0.000959
0.000815
0.000814
0.000955
0.000947
0.000925
0.000932
0.000779
0.000974
0.000843
0.000924
0.000824
0.000897
0.000913
0.000762
0.000803
0.000747
0.002508
0.001427
0.000966
0.000870
0.000833
0.000775
0.000845
0.000916
0.000956
0.000811
0.000919
0.000870
0.000893
0.000949
0.000817
0.000895
0.002827
0.000203
0.000199
0.000248
0.000304
0.000353
0.000591
0.000954
0.000797
0.001202
0.000919
0.000933
0.000852
0.000980
0.000787
0.000823
0.000934
0.000879
0.000917
0.000816
0.001535
0.000790
0.000806
0.000793
0.000961
0.001012
0.000869
0.000936
0.000971
0.000929
0.000922
0.000938
0.000835
0.000948
0.000921
0.000832
0.000902
0.000812
0.000806
0.000933
0.000840
0.000909
0.000832
0.000768
0.000806
0.000813
0.000821
0.000850
0.001513
0.000817
0.000965
0.000869
0.000913
0.000810
0.000876
0.000822
0.001633
0.000802
0.001032
0.000825
0.000887
0.000861
0.000923
0.000794
0.000792
0.000996
0.000953
0.000947
0.000916
0.000842
0.000826
0.000965
0.000882
0.000981
0.000989
0.000996
0.000963
0.000986
0.000805
0.000947
0.000948
0.000914
