0.000957
0.001008
0.001008
0.000863
0.000893
0.002425
0.001061
0.001065
0.000958
0.000998
0.001110
0.000955
0.001079
0.001047
0.000879
0.000969
0.000959
0.001035
0.001101
0.000892
0.001451
0.000925
0.000957
0.000917
0.000930
0.001030
0.000984
0.001050
0.000961
0.000956
0.000990
0.001093
0.001314
0.001027
0.000943
0.000860
0.000925
0.001003
0.001020
0.001080
0.001035
0.000946
0.000945
0.001371
0.001015
0.000989
0.000947
0.001050
0.000907
0.001664
0.001009
0.000912
0.000911
0.000884
0.000851
0.000949
0.001005
0.001017
0.000945
0.001074
0.001004
0.001005
0.000995
0.001739
0.001009
0.001025
0.001025
0.001051
0.000951
0.000995
0.001070
0.000911
0.000862
0.000998
0.000944
0.001018
0.000923
0.001032
0.000955
0.000981
0.000955
0.000994
0.001019
0.000921
0.000937
0.000935
0.001983
0.001016
0.000967
0.001002
0.000925
0.001071
0.001024
0.001092
0.000968
0.001005
0.001030
0.000974
0.000998
0.000978
0.000989
0.000965
0.000938
0.000938
0.001014
0.000936
0.000937
0.001029
0.000914
0.000936
0.000945
0.001037
0.000972
0.000979
0.001016
0.002407
0.000946
0.000903
0.000976
0.000884
0.000949
0.001038
0.001022
0.000979
0.000971
0.000858
0.001008
0.001028
0.000936
0.001292
0.000872
0.000991
0.000920
0.001036
0.000964
0.000908
0.000951
0.001071
0.001046
0.000926
0.000844
0.000996
0.000976
0.000940
0.001048
0.001610
0.000927
0.000947
0.000900
0.001007
0.000998
0.000961
0.001006
0.001041
0.000995
0.000924
0.001025
0.001023
0.000953
0.000962
0.000954
0.001050
0.000997
0.000913
0.001002
0.001015
0.000977
0.000966
0.000935
0.000929
0.000947
0.000938
0.000955
0.000875
0.000949
0.001006
0.000977
0.001567
0.000887
0.000880
0.001015
0.000826
0.001011
0.000953
0.000872
0.000957
0.001127
0.000953
0.000928
0.000947
0.000983
0.000967
0.000968
0.001119
0.001502
0.000896
0.000990
0.000974
0.000839
0.000894
0.001029
0.001000
0.000936
0.001052
0.000928
0.000923
0.001030
0.001093
0.000969
0.000909
0.000886
0.000933
0.001064
0.001042
0.000976
0.001072
0.001029
0.000973
0.000990
0.000992
0.001016
0.000886
0.000970
0.000957
0.000965
0.000923
0.001029
0.000919
0.000821
0.001006
0.000968
0.000969
0.001000
0.000904
0.001037
0.000857
0.001086
0.000893
0.000849
0.001958
0.001361
0.001098
0.000908
0.000957
0.001030
0.000940
0.000995
0.000883
0.000998
0.000914
0.001036
0.001079
0.001036
0.000986
0.000980
0.001035
0.000952
0.001079
0.000998
0.000975
0.000965
0.000991
0.000894
0.000974
0.000980
0.001035
0.000874
0.000950
0.001047
0.001568
0.000961
0.000969
0.001010
0.000874
0.000976
0.000972
0.000869
0.000963
0.001044
0.000941
0.000960
0.001027
0.000972
0.001506
0.001050
0.000934
0.001032
0.000917
0.000934
0.000947
0.001023
0.000930
0.001030
0.001079
0.000938
0.000889
0.001017
0.001013
0.000920
0.000938
0.000912
0.000902
0.000691
0.000443
0.000688
0.001240
0.000960
0.000861
0.000935
0.001016
0.001049
0.001004
0.000909
0.000882
0.001017
0.000971
0.000986
0.000908
0.001597
0.000659
0.000536
0.000522
0.000632
0.001545
0.000975
0.000953
0.000950
0.000984
0.000994
0.001057
0.001012
0.001088
0.001009
0.000902
0.001006
0.001016
0.001011
0.000844
0.001020
0.001041
0.000989
0.001036
0.001003
0.001057
0.000921
0.000903
0.000971
0.000975
0.000938
0.001016
0.000962
0.000988
0.001087
0.000911
0.001648
0.001002
0.001036
0.000903
0.000888
0.000940
0.000955
0.000914
0.000933
0.000986
0.000959
0.000942
0.001011
0.000938
0.001660
0.001010
0.000880
0.000948
0.000959
0.000923
0.001039
0.001002
0.000960
0.001046
0.000995
0.000966
0.000965
0.000864
0.002326
0.001004
0.000970
0.001042
0.000956
0.001042
0.001003
0.001008
0.000975
0.000916
0.000967
0.001020
0.000972
0.000957
0.001028
0.000933
0.001101
0.000973
0.000963
0.001006
0.000983
0.001015
0.000904
0.000862
0.001148
0.000987
0.000868
0.001011
0.001039
0.000948
0.000959
0.001010
0.001050
0.000916
0.000957
0.000952
0.000881
0.001055
0.000939
0.001039
0.000912
0.000932
0.001002
0.000917
0.000928
0.000928
0.001008
0.000932
0.000973
0.000988
0.000952
0.000973
0.000864
0.000953
0.001030
0.000992
0.000970
0.000957
0.000908
0.000899
0.000987
0.001027
0.000978
0.001111
0.001012
0.001015
0.001034
0.000928
0.000991
0.001026
0.001062
0.000998
0.001055
0.001110
0.001018
0.001021
0.000856
0.000949
0.000945
0.001003
0.001005
0.001047
0.000950
0.001194
0.000895
0.000940
0.000973
0.000906
0.001003
0.000984
0.001329
0.001180
0.000991
0.001044
0.001035
0.000909
0.000927
0.001014
0.000912
0.000858
0.000904
0.000944
0.000942
0.001079
0.001111
0.000906
0.000994
0.000903
0.000983
0.000994
0.000958
0.000936
0.001325
0.001093
0.000972
0.000967
0.000937
0.000944
