0.000619
0.000890
0.000730
0.001457
0.000860
0.000977
0.000876
0.000843
0.000806
0.000729
0.000677
0.000870
0.000675
0.000883
0.000605
0.000694
0.000663
0.000773
0.000694
0.001516
0.000830
0.000928
0.001721
0.000861
0.000633
0.000865
0.001430
0.001125
0.000514
0.001226
0.001470
0.000575
0.000512
0.000422
0.001224
0.000484
0.000518
0.001303
0.000319
0.001693
0.000695
0.001393
0.000890
0.000790
0.000875
0.000718
0.000649
0.000878
0.000755
0.000661
0.000677
0.000822
0.000778
0.000669
0.000728
0.000847
0.000956
0.000880
0.000648
0.000816
0.000847
0.000723
0.002559
0.000664
0.001614
0.000686
0.000918
0.000898
0.000776
0.001693
0.000910
0.000812
0.001205
0.000839
0.000670
0.000820
0.000812
0.000791
0.000925
0.000852
0.000783
0.000828
0.000706
0.000860
0.000907
0.000729
0.000717
0.000728
0.000858
0.000685
0.000795
0.001439
0.000828
0.000824
0.000602
0.000697
0.000706
0.000925
0.001467
0.000922
0.000701
0.000664
0.000904
0.000722
0.001374
0.000679
0.000896
0.000842
0.002613
0.000787
0.000864
0.000747
0.000778
0.000700
0.000833
0.000677
0.000841
0.000683
0.000726
0.000676
0.000683
0.000796
0.000645
0.000787
0.000627
0.000712
0.001566
0.000689
0.000637
0.000860
0.000748
0.000871
0.000899
0.000815
0.000921
0.000913
0.000716
0.000693
0.000673
0.000873
0.000676
0.000896
0.000823
0.000754
0.000895
0.000856
0.000736
0.000864
0.000826
0.000672
0.000910
0.000714
0.000618
0.000825
0.000633
0.000834
0.001702
0.000767
0.000731
0.001578
0.000773
0.000680
0.000687
0.000842
0.000781
0.000896
0.000908
0.000836
0.000738
0.000659
0.000678
0.000792
0.000890
0.000726
0.000856
0.000704
0.000699
0.000731
0.000692
0.000840
0.001434
0.000687
0.000809
0.000902
0.001063
0.000919
0.000766
0.000851
0.000906
0.000837
0.000880
0.001407
0.000381
0.000334
0.001411
0.000453
0.000548
0.001524
0.000425
0.000562
0.001408
0.000506
0.000682
0.000835
0.000869
0.000703
0.000892
0.000834
0.000629
0.000717
0.000763
0.000672
0.000750
0.000750
0.000655
0.000886
0.000910
0.000620
0.000708
0.000692
0.000699
0.000717
0.000639
0.000674
0.000914
0.001412
0.000869
0.000681
0.000616
0.000763
0.000805
0.000685
0.000695
0.000790
0.000816
0.000707
0.000861
0.000853
0.000874
0.000860
0.000717
0.001186
0.000667
0.000818
0.000853
0.000843
0.001449
0.000689
0.000789
0.000820
0.000691
0.001472
0.000879
0.000764
0.001213
0.000819
0.001486
0.000709
0.000646
0.000850
0.000744
0.000671
0.000722
0.000709
0.000641
0.000863
0.000978
0.000807
0.000656
0.000866
0.000819
0.000910
0.000856
0.000885
0.000727
0.001282
0.000428
0.000552
0.001499
0.000519
0.001343
0.000751
0.000717
0.000686
0.000653
0.000653
0.000684
0.000857
0.001396
0.000692
0.000859
0.000897
0.001362
0.000863
0.000905
0.000819
0.000716
0.001082
0.000838
0.000907
0.000823
0.000932
0.001345
0.000875
0.000900
0.001384
0.000809
0.000856
0.000762
0.000672
0.003097
0.000758
0.000644
0.000941
0.000710
0.000836
0.000843
0.000692
0.000757
0.001568
0.000786
0.000700
0.000734
0.000722
0.000916
0.000927
0.000952
0.000888
0.000830
0.001686
0.000858
0.000768
0.000722
0.001444
0.001551
0.000727
0.000681
0.000686
0.000852
0.000742
0.000887
0.000815
0.000894
0.000848
0.000913
0.000883
0.000867
0.000695
0.000909
0.000693
0.001119
0.000923
0.000653
0.000816
0.000689
0.000639
0.000722
0.000729
0.000678
0.000884
0.000844
0.000844
0.000653
0.000728
0.000707
0.000678
0.000712
0.000887
0.000664
0.000912
0.000881
0.000747
0.000739
0.001487
0.000892
0.001015
0.000890
0.000669
0.000658
0.000805
0.000955
0.000617
0.000696
0.000881
0.000667
0.000897
0.000863
0.000851
0.000913
0.000832
0.000757
0.000863
0.000909
0.000889
0.000690
0.000725
0.000676
0.000836
0.000726
0.000877
0.000740
0.000825
0.000692
0.000727
0.000691
0.000860
0.000671
0.000909
0.000817
0.000745
0.002844
0.000862
0.000879
0.000879
0.000677
0.000887
0.000705
0.001208
0.000856
0.000740
0.000862
0.001321
0.000727
0.000865
0.000835
0.001578
0.000721
0.000816
0.000777
0.000819
0.000864
0.000702
0.000968
0.000697
0.000909
0.000917
0.000895
0.001569
0.000945
0.000822
0.000833
0.000751
0.000688
0.000758
0.000674
0.001053
0.000696
0.000890
0.000842
0.000884
0.001536
0.000775
0.000282
0.001426
0.001083
0.000899
0.000703
0.000709
0.000936
0.000705
0.000678
0.000791
0.000673
0.000725
0.000877
0.000694
0.000687
0.001397
0.000464
0.000288
0.001476
0.000402
0.000533
0.001584
0.000512
0.000545
0.000804
0.001509
0.000636
0.000656
0.000668
0.000886
0.000676
0.000823
0.000876
0.000871
0.000690
0.000910
0.000848
0.001382
0.000632
0.000773
0.000943
0.000683
0.000699
0.000770
0.000876
0.000714
0.000647
0.000873
