0.000989
0.001014
0.000867
0.001536
0.000801
0.000870
0.000841
0.000828
0.000734
0.000867
0.001472
0.001626
0.000822
0.000913
0.001779
0.000784
0.000818
0.000754
0.001842
0.001767
0.000849
0.000801
0.000932
0.000869
0.000798
0.001739
0.001034
0.000970
0.000827
0.000819
0.000931
0.000866
0.000736
0.000823
0.000803
0.001119
0.000805
0.000819
0.000853
0.000862
0.001134
0.000914
0.001004
0.001514
0.001524
0.001183
0.000261
0.000282
0.000244
0.000360
0.000472
0.000916
0.001152
0.001994
0.000809
0.000789
0.000941
0.001543
0.000947
0.000928
0.000792
0.001179
0.000914
0.000841
0.001066
0.001059
0.000826
0.001091
0.001087
0.000777
0.000779
0.000789
0.000969
0.000823
0.000918
0.000961
0.001504
0.001372
0.001040
0.000980
0.001902
0.000516
0.000281
0.001640
0.001050
0.000939
0.001263
0.001145
0.001090
0.001232
0.001955
0.001207
0.001608
0.000195
0.001348
0.001272
0.001149
0.000793
0.000943
0.001528
0.001726
0.000812
0.000942
0.001306
0.000833
0.000930
0.000801
0.001727
0.000993
0.001880
0.001190
0.001717
0.000855
0.000808
0.001171
0.000829
0.000823
0.000892
0.001825
0.000510
0.001333
0.001805
0.000944
0.001562
0.001836
0.001118
0.001177
0.000959
0.001284
0.000986
0.001358
0.001149
0.001145
0.001758
0.001195
0.001162
0.001156
0.000964
0.000814
0.001470
0.000842
0.001738
0.000935
0.001263
0.001540
0.000949
0.000732
0.000787
0.001190
0.000798
0.000943
0.000870
0.000895
0.001791
0.002480
0.000901
0.000784
0.000851
0.000755
0.001500
0.001575
0.000791
0.000854
0.000770
0.001043
0.000959
0.000813
0.000788
0.000808
0.000771
0.000683
0.001684
0.001372
0.001561
0.000885
0.001756
0.001126
0.000873
0.001327
0.001051
0.001149
0.000857
0.001472
0.001682
0.001163
0.000956
0.000844
0.000828
0.000761
0.000778
0.000814
0.000769
0.001246
0.001219
0.000841
0.000749
0.000757
0.001419
0.000877
0.001545
0.000820
0.000734
0.001564
0.001032
0.000739
0.000832
0.000979
0.001019
0.000860
0.000789
0.001696
0.001628
0.001066
0.000892
0.001062
0.001181
0.000770
0.001739
0.001561
0.000853
0.000828
0.001040
0.000706
0.000791
0.001328
0.001738
0.000922
0.001718
0.001137
0.000489
0.001048
0.001453
0.001225
0.001141
0.001314
0.001197
0.001014
0.000769
0.000794
0.000912
0.000720
0.001745
0.000839
0.000949
0.000870
0.000903
0.000808
0.000860
0.000968
0.000733
0.001490
0.000484
0.001005
0.000518
0.001681
0.000738
0.001013
0.000802
0.001694
0.000823
0.000966
0.000822
0.000782
0.000782
0.001763
0.000818
0.000653
0.000555
0.001530
0.001207
0.001152
0.000989
0.000990
0.001296
0.000751
0.000922
0.001256
0.001615
0.001017
0.001046
0.001048
0.001773
0.002856
0.001820
0.000949
0.000782
0.000752
0.000766
0.001430
0.001438
0.000763
0.000862
0.001649
0.000798
0.001292
0.001019
0.001273
0.001518
0.000929
0.000970
0.000744
0.000737
0.001627
0.001074
0.001707
0.000819
0.000851
0.001707
0.001118
0.000794
0.001047
0.001728
0.001896
0.000802
0.000784
0.000845
0.000838
0.000783
0.001342
0.001232
0.000932
0.000919
0.000974
0.001519
0.000904
0.000938
0.000899
0.000798
0.000781
0.000760
0.000709
0.000764
0.000811
0.000745
0.000949
0.000958
0.000767
0.001065
0.000792
0.000845
0.001046
0.000759
0.001021
0.000749
0.000727
0.000872
0.001633
0.001858
0.001201
0.001099
0.001159
0.001056
0.001112
0.000785
0.000734
0.000946
0.000798
0.000780
0.001019
0.001608
0.001123
0.001679
0.000782
0.000869
0.001218
0.000789
0.000784
0.000777
0.000801
0.000775
0.000864
0.001942
0.001203
0.001239
0.001233
0.001785
0.001245
0.001211
0.001158
0.000438
0.001044
0.001068
0.001131
0.001150
0.001161
0.001171
0.001161
0.001144
0.000693
0.001348
0.001082
0.000725
0.000795
0.000814
0.000916
0.000820
0.001198
0.001017
0.000831
0.000768
0.000759
0.001703
0.000332
0.001282
0.000656
0.000901
0.000455
0.001631
0.000840
0.000860
0.000792
0.000795
0.001827
0.001189
0.001381
0.001173
0.000263
0.000548
0.001891
0.001151
0.001186
0.000538
0.001404
0.001174
0.001136
0.001155
0.000842
0.000782
0.000831
0.001357
0.001376
0.000794
0.000915
0.000914
0.000737
0.000792
0.000868
0.001249
0.001376
0.000888
0.000808
0.000943
0.001480
0.000822
0.000798
0.001711
0.001341
0.001110
0.000919
0.000802
0.000935
0.000812
0.001664
0.000985
0.000794
0.001204
0.000914
0.000797
0.000948
0.000913
0.000984
0.000977
0.000803
0.000755
0.000828
0.000802
0.000794
0.000836
0.000863
0.000756
0.000949
0.000968
0.000810
0.000792
0.001274
0.000852
0.000994
0.000818
0.000929
0.000910
0.001498
0.000815
0.000919
0.000829
0.000900
0.001501
0.000800
0.001859
0.001154
0.000670
0.000650
0.001716
0.001229
0.000823
0.001052
0.000850
0.000737
0.001136
0.000792
0.002854
