0.000717
0.000866
0.001485
0.001376
0.001178
0.001110
0.000334
0.001145
0.000408
0.001584
0.001013
0.001135
0.001125
0.001409
0.001111
0.001130
0.001116
0.001106
0.001485
0.001162
0.000898
0.000645
0.000413
0.001015
0.001603
0.001542
0.000370
0.001221
0.001124
0.001131
0.000626
0.001492
0.000487
0.001344
0.001105
0.001138
0.001444
0.001425
0.001393
0.000756
0.001476
0.001490
0.001112
0.001153
0.001473
0.001434
0.001143
0.001061
0.001125
0.001133
0.001124
0.001436
0.001140
0.001388
0.001109
0.001131
0.000759
0.001463
0.001496
0.001002
0.000528
0.000399
0.001708
0.001499
0.001231
0.001113
0.001132
0.001487
0.001438
0.001123
0.001113
0.001130
0.001111
0.001086
0.001125
0.001096
0.001078
0.001106
0.000241
0.001277
0.001518
0.000372
0.001361
0.001180
0.001115
0.001409
0.001498
0.000917
0.001422
0.001139
0.001133
0.001477
0.001469
0.001093
0.001035
0.001143
0.001114
0.001110
0.001110
0.001504
0.001527
0.000435
0.000853
0.001470
0.001109
0.001402
0.001412
0.001500
0.000239
0.000800
0.001550
0.001147
0.000241
0.001216
0.001137
0.001030
0.001481
0.001102
0.001114
0.001152
0.001520
0.001099
0.001115
0.001128
0.001066
0.001165
0.001097
0.001147
0.001100
0.001124
0.001125
0.001125
0.001106
0.001100
0.001461
0.000709
0.001432
0.001522
0.001132
0.001081
0.001116
0.000254
0.001294
0.001084
0.001109
0.000727
0.001381
0.001458
0.000432
0.001340
0.000522
0.001252
0.001072
0.000776
0.001471
0.001123
0.001532
0.001159
0.001125
0.001130
0.001101
0.001493
0.000400
0.001319
0.001015
0.001052
0.001030
0.001547
0.001139
0.001116
0.001136
0.001480
0.001508
0.001538
0.000816
0.001505
0.000377
0.000760
0.000385
0.001666
0.001372
0.001408
0.001425
0.001507
0.001105
0.001124
0.001386
0.001310
0.001134
0.001113
0.001146
0.000555
0.001185
0.001130
0.001472
0.001571
0.001613
0.001688
0.001115
0.001117
0.000815
0.001335
0.001107
0.001156
0.001543
0.001506
0.001117
0.001156
0.001093
0.001474
0.001131
0.001181
0.001108
0.001517
0.000333
0.001420
0.000293
0.000342
0.001521
0.001145
0.001469
0.001431
0.001478
0.001474
0.001004
0.001094
0.001017
0.001563
0.001481
0.000772
0.000753
0.001506
0.001149
0.001525
0.001362
0.001166
0.001117
0.001329
0.001130
0.001157
0.001397
0.000986
0.001707
0.001488
0.001514
0.001513
0.000222
0.001200
0.001174
0.001481
0.001661
0.001125
0.001116
0.001121
0.001128
0.001247
0.001356
0.001131
0.001039
0.000865
0.001441
0.001131
0.000981
0.001258
0.000723
0.000617
0.000409
0.001542
0.001095
0.001121
0.001123
0.001110
0.000337
0.000519
0.000394
0.001043
0.001126
0.001146
0.001318
0.001496
0.001130
0.001113
0.001357
0.001161
0.001436
0.001376
0.001098
0.001115
0.001112
0.001121
0.001110
0.001301
0.001398
0.001347
0.001112
0.001130
0.001102
0.001498
0.001417
0.001146
0.001124
0.001103
0.001472
0.001138
0.001434
0.001142
0.001103
0.001102
0.001158
0.001354
0.000323
0.001262
0.001036
0.001106
0.001259
0.001475
0.001248
0.001575
0.001595
0.000865
0.001497
0.001571
0.001649
0.000870
0.001544
0.000813
0.001518
0.001120
0.001105
0.001161
0.001462
0.001446
0.001475
0.001109
0.001171
0.001306
0.001114
0.001113
0.001109
0.001124
0.001099
0.000217
0.001298
0.001099
0.001119
0.001085
0.001139
0.001121
0.001122
0.001099
0.001108
0.001116
0.001468
0.000695
0.001317
0.001410
0.001130
0.001120
0.001188
0.000901
0.001229
0.001131
0.001483
0.001138
0.001121
0.001417
0.001184
0.001132
0.001521
0.000928
0.001378
0.001350
0.001116
0.001084
0.001273
0.001107
0.001100
0.001118
0.001139
0.001122
0.001026
0.001112
0.001321
0.001530
0.001125
0.000843
0.001502
0.001093
0.001138
0.001106
0.001144
0.001129
0.001108
0.001463
0.001400
0.000959
0.001495
0.001134
0.001406
0.001491
0.001122
0.001108
0.001100
0.001115
0.001108
0.001112
0.001493
0.000788
0.001506
0.001102
0.001219
0.001035
0.001466
0.001239
0.000982
0.001380
0.001112
0.001133
0.001415
0.001234
0.001460
0.001180
0.001475
0.001132
0.001120
0.001157
0.001475
0.001466
0.001452
0.000663
0.000739
0.001474
0.001504
0.001114
0.001111
0.001494
0.001123
0.001387
0.001518
0.001143
0.001583
0.001630
0.001505
0.001168
0.000669
0.001383
0.000876
0.001455
0.001498
0.001204
0.001297
0.001139
0.000977
0.001197
0.001219
0.001461
0.001115
0.001118
0.001323
0.001363
0.001467
0.001381
0.001079
0.001407
0.000860
0.001485
0.001118
0.001267
0.001397
0.001499
0.000949
0.000943
0.001265
0.001017
0.001133
0.001123
0.001098
0.001468
0.001439
0.001223
0.001095
0.001106
0.001542
0.000980
0.001530
0.001149
0.001097
0.001125
0.001114
0.001102
0.001089
0.000930
0.001465
0.001052
0.001514
0.000395
0.000830
0.001541
0.000802
0.001329
