0.000966
0.001000
0.001817
0.001229
0.000894
0.002621
0.000953
0.001009
0.000912
0.001105
0.000969
0.000976
0.000994
0.000831
0.000970
0.000992
0.000935
0.001056
0.000917
0.000951
0.000934
0.000911
0.001076
0.001572
0.000964
0.000848
0.000971
0.000954
0.000919
0.000943
0.001016
0.001112
0.001138
0.000867
0.001025
0.000849
0.001088
0.001024
0.000916
0.001001
0.001031
0.000908
0.001068
0.001769
0.001012
0.001693
0.000926
0.000936
0.001027
0.001207
0.001507
0.000890
0.001016
0.001013
0.000897
0.000935
0.000951
0.000871
0.000964
0.001082
0.000897
0.000964
0.001009
0.000882
0.000819
0.001061
0.000989
0.000935
0.000916
0.000967
0.000924
0.001204
0.001684
0.000881
0.000789
0.000932
0.001473
0.001415
0.000991
0.000897
0.001410
0.000766
0.000922
0.000977
0.001016
0.000902
0.000975
0.000927
0.001035
0.000912
0.001039
0.000968
0.000934
0.000956
0.000905
0.000867
0.000942
0.001056
0.000975
0.000842
0.000972
0.000949
0.000961
0.000978
0.000973
0.000966
0.000912
0.001002
0.000849
0.000975
0.000846
0.000991
0.000923
0.001004
0.000906
0.001007
0.000838
0.001009
0.000900
0.000998
0.000844
0.001000
0.000993
0.000866
0.000912
0.000905
0.000911
0.000932
0.001026
0.000898
0.001034
0.000909
0.000727
0.001006
0.000917
0.001752
0.000899
0.000982
0.000867
0.000902
0.001007
0.000958
0.000931
0.000890
0.000906
0.000890
0.000965
0.000974
0.002298
0.001210
0.000940
0.001008
0.000685
0.001430
0.000816
0.000612
0.001661
0.000931
0.000987
0.000916
0.000961
0.000983
0.000941
0.000911
0.000878
0.000919
0.000859
0.000988
0.001077
0.000982
0.000906
0.001002
0.000897
0.000899
0.000916
0.000901
0.000892
0.000944
0.000929
0.000899
0.000903
0.000976
0.000977
0.000502
0.001407
0.000535
0.001325
0.001023
0.001546
0.001672
0.000429
0.000722
0.001658
0.000819
0.000582
0.000937
0.001486
0.000688
0.001567
0.000274
0.000538
0.000376
0.001841
0.001054
0.000835
0.000968
0.001100
0.000977
0.001006
0.000957
0.000969
0.001019
0.000979
0.000969
0.000966
0.000972
0.000940
0.000895
0.000938
0.000912
0.000801
0.000974
0.000948
0.000894
0.000877
0.000939
0.000933
0.002141
0.000955
0.000906
0.000796
0.000886
0.000986
0.001006
0.001882
0.000300
0.000448
0.000741
0.001397
0.000885
0.001260
0.001016
0.001030
0.000949
0.000947
0.000944
0.000927
0.001029
0.000981
0.001017
0.000913
0.000943
0.000968
0.001021
0.000930
0.001053
0.000851
0.000907
0.000868
0.001429
0.000938
0.000804
0.000893
0.000995
0.000977
0.001425
0.000961
0.000944
0.000909
0.000948
0.001025
0.000966
0.000812
0.000894
0.000803
0.000780
0.000985
0.000987
0.000929
0.000965
0.001028
0.000949
0.000961
0.001013
0.000890
0.000873
0.000941
0.000984
0.000949
0.001049
0.000946
0.000977
0.001028
0.000873
0.000975
0.000891
0.001009
0.000978
0.000949
0.000956
0.000905
0.000935
0.000922
0.000895
0.001012
0.000990
0.001000
0.000887
0.000952
0.002650
0.000635
0.001837
0.000822
0.001036
0.000930
0.000967
0.001004
0.000902
0.001201
0.000923
0.000999
0.001023
0.000840
0.000919
0.000935
0.000889
0.000983
0.000914
0.002969
0.000498
0.001083
0.001093
0.000514
0.000768
0.001612
0.000667
0.001197
0.001353
0.000967
0.000959
0.000988
0.000907
0.001006
0.000992
0.000860
0.000865
0.000946
0.000894
0.001125
0.000936
0.001075
0.001876
0.000432
0.000720
0.001673
0.000923
0.000979
0.000987
0.000889
0.000975
0.000982
0.000956
0.000904
0.000913
0.001015
0.000952
0.000800
0.000966
0.001127
0.000930
0.000923
0.000855
0.000972
0.001014
0.000961
0.000930
0.000945
0.000906
0.000902
0.000948
0.000931
0.000926
0.000853
0.000901
0.000942
0.000888
0.001011
0.000792
0.000904
0.000953
0.000888
0.001065
0.001044
0.001208
0.000906
0.001796
0.000939
0.000917
0.000921
0.001363
0.001004
0.001008
0.000942
0.000908
0.000883
0.000939
0.000901
0.001026
0.000935
0.000963
0.001029
0.000978
0.000996
0.001046
0.000965
0.000928
0.000876
0.000994
0.001019
0.001064
0.000896
0.000912
0.000920
0.000999
0.000941
0.000969
0.000968
0.000945
0.000954
0.000973
0.000905
0.001409
0.000942
0.000323
0.000750
0.001825
0.000998
0.001053
0.000881
0.000982
0.000933
0.000929
0.000891
0.001028
0.000915
0.001018
0.000945
0.001026
0.000926
0.000899
0.000966
0.000950
0.000836
0.000940
0.000895
0.000951
0.000926
0.000988
0.001704
0.000980
0.001030
0.000924
0.000954
0.001743
0.001239
0.000894
0.001024
0.001712
0.000256
0.000908
0.001497
0.001007
0.001687
0.001671
0.001599
0.000862
0.000985
0.000992
0.000955
0.000905
0.000963
0.000961
0.000992
0.000924
0.000893
0.000967
0.000988
0.001018
0.000974
0.000931
0.001013
0.001371
0.000908
0.000965
0.001334
0.001029
0.000991
0.001028
0.000977
0.000930
