0.001896
0.001238
0.001105
0.001424
0.001249
0.001486
0.002116
0.001563
0.002156
0.001816
0.001750
0.001886
0.001383
0.001992
0.001975
0.002015
0.001655
0.002279
0.002059
0.001646
0.001574
0.002155
0.002028
0.000990
0.001612
0.001252
0.001310
0.001329
0.001258
0.002227
0.001183
0.001412
0.002008
0.001795
0.001817
0.001204
0.001244
0.001240
0.001308
0.001269
0.001272
0.001855
0.001406
0.001372
0.001927
0.001240
0.001284
0.001770
0.001257
0.001265
0.001256
0.001267
0.001288
0.001875
0.001293
0.001751
0.001247
0.001171
0.001280
0.001245
0.001249
0.001257
0.001247
0.001260
0.001168
0.001279
0.001236
0.001032
0.001260
0.001251
0.001314
0.001264
0.001438
0.001430
0.002539
0.002201
0.001210
0.001542
0.001322
0.001278
0.000511
0.000562
0.001004
0.002089
0.001593
0.001224
0.001337
0.001421
0.002014
0.001247
0.001296
0.001254
0.001274
0.001275
0.001275
0.001614
0.002047
0.001441
0.002001
0.001621
0.002151
0.001231
0.001377
0.001244
0.001279
0.001507
0.002045
0.001288
0.001027
0.001125
0.001253
0.001905
0.001254
0.001240
0.001359
0.001929
0.002055
0.002248
0.001979
0.001791
0.001610
0.002092
0.001993
0.001506
0.001962
0.001879
0.001614
0.001987
0.002215
0.002188
0.000530
0.000866
0.000506
0.001773
0.001272
0.001716
0.001205
0.000537
0.001096
0.001889
0.001256
0.001238
0.001289
0.001255
0.001245
0.001255
0.001247
0.001241
0.001210
0.001226
0.001257
0.001265
0.001240
0.001269
0.001243
0.001276
0.001225
0.001257
0.001295
0.001030
0.001575
0.001674
0.000945
0.001562
0.001066
0.001269
0.001284
0.002382
0.001204
0.000971
0.001443
0.001161
0.000939
0.001116
0.001214
0.000949
0.001606
0.001434
0.002326
0.001025
0.000879
0.001863
0.001260
0.001267
0.002025
0.001495
0.001722
0.001572
0.001843
0.002309
0.001233
0.001246
0.001362
0.001617
0.001305
0.001248
0.001259
0.001425
0.002035
0.001513
0.002276
0.002211
0.001228
0.001255
0.001240
0.001277
0.001264
0.001259
0.001458
0.001818
0.001655
0.002110
0.001646
0.001393
0.001263
0.001981
0.001306
0.000386
0.001385
0.000956
0.001412
0.001483
0.001901
0.002073
0.002031
0.001097
0.001847
0.001238
0.001171
0.002035
0.001300
0.001191
0.002054
0.002272
0.000390
0.000759
0.000485
0.001632
0.001310
0.001487
0.001862
0.001788
0.001283
0.001246
0.001242
0.001174
0.001291
0.001262
0.001604
0.002095
0.001307
0.001162
0.001269
0.001193
0.001567
0.001260
0.001265
0.001256
0.001304
0.001257
0.001438
0.001708
0.001829
0.002647
0.001253
0.001967
0.001961
0.000700
0.000602
0.001812
0.001675
0.001293
0.001650
0.002289
0.001285
0.001454
0.001482
0.001249
0.001271
0.001268
0.001262
0.001243
0.001889
0.001926
0.000923
0.001806
0.001265
0.001249
0.001268
0.001515
0.001556
0.001934
0.001521
0.001476
0.000727
0.001551
0.001651
0.001241
0.001119
0.001179
0.001166
0.001143
0.001187
0.001152
0.001318
0.001505
0.002137
0.001278
0.002383
0.001324
0.002061
0.001495
0.001714
0.001994
0.001283
0.001974
0.001678
0.001262
0.001661
0.001250
0.001254
0.001689
0.002196
0.001734
0.001218
0.001182
0.001245
0.001257
0.001281
0.001271
0.001243
0.001247
0.001223
0.001251
0.001597
0.001866
0.001770
0.002017
0.001816
0.002189
0.001685
0.001923
0.001226
0.001054
0.001504
0.001611
0.002289
0.002118
0.002046
0.001570
0.001607
0.002052
0.002147
0.001890
0.001344
0.001949
0.001894
0.001795
0.001269
0.001257
0.001925
0.001285
0.001593
0.001256
0.001278
0.001266
0.001275
0.001947
0.001841
0.001279
0.000356
0.000545
0.000610
0.002045
0.001705
0.001249
0.000829
0.001492
0.001248
0.002144
0.001496
0.001759
0.002168
0.001936
0.001535
0.001554
0.001405
0.001281
0.001254
0.001831
0.001279
0.002115
0.002130
0.001225
0.001118
0.000816
0.001786
0.001913
0.001382
0.002302
0.001210
0.001298
0.001538
0.001252
0.001201
0.001782
0.001602
0.001659
0.001904
0.001502
0.001833
0.001922
0.001915
0.001842
0.001261
0.001375
0.001946
0.001889
0.002264
0.000899
0.001123
0.000740
0.001902
0.001338
0.001226
0.000983
0.001455
0.001420
0.001726
0.000739
0.000788
0.001814
0.001302
0.002170
0.002032
0.001221
0.000411
0.000877
0.001890
0.001037
0.001383
0.001710
0.001476
0.001132
0.001429
0.002057
0.001315
0.002243
0.001188
0.001158
0.001271
0.001238
0.001257
0.001302
0.001477
0.001254
0.001274
0.001779
0.001254
0.001241
0.001194
0.001388
0.001234
0.001545
0.001155
0.001897
0.002234
0.002135
0.001739
0.002221
0.002236
0.001977
0.001235
0.001275
0.001255
0.001275
0.001245
0.001262
0.001241
0.001251
0.001245
0.001201
0.001788
0.002155
0.001257
0.001229
0.001440
0.001381
0.001366
0.001260
0.001438
0.001256
0.001148
0.001416
0.001262
0.001303
0.001937
0.001519
0.000937
0.001465
