0.001645
0.001570
0.001470
0.002083
0.002253
0.002064
0.001956
0.002483
0.001345
0.001514
0.001403
0.001292
0.001432
0.000436
0.000669
0.001845
0.001489
0.001377
0.001490
0.001404
0.001569
0.002173
0.002688
0.001311
0.001322
0.001564
0.002779
0.002648
0.002554
0.002005
0.002099
0.001485
0.002498
0.002128
0.002614
0.001462
0.001357
0.001398
0.001595
0.001461
0.001655
0.001620
0.001515
0.001338
0.001367
0.001367
0.002758
0.001283
0.000601
0.001528
0.001407
0.001454
0.001385
0.001471
0.001434
0.001323
0.001249
0.001611
0.001876
0.001480
0.001472
0.001543
0.001591
0.002663
0.001717
0.001507
0.001334
0.001370
0.001566
0.001517
0.002190
0.001488
0.002803
0.001917
0.002111
0.002028
0.001765
0.001873
0.001837
0.002042
0.001982
0.001978
0.002658
0.001409
0.002646
0.001588
0.001314
0.001435
0.001528
0.001941
0.002215
0.001481
0.001498
0.001462
0.001503
0.002414
0.001981
0.001475
0.002595
0.001159
0.000991
0.001985
0.001416
0.001337
0.001434
0.001366
0.002185
0.001345
0.000927
0.001127
0.002007
0.001349
0.001467
0.001490
0.001977
0.001519
0.002739
0.001283
0.001980
0.001542
0.001565
0.001432
0.002711
0.001564
0.001560
0.001582
0.002653
0.001426
0.002002
0.001546
0.001489
0.002428
0.001584
0.002543
0.001994
0.001528
0.001432
0.001472
0.001586
0.001663
0.001478
0.002417
0.002078
0.001426
0.001447
0.001305
0.001529
0.002279
0.001526
0.001493
0.001560
0.002681
0.001325
0.001834
0.001494
0.002053
0.002378
0.001451
0.001837
0.002401
0.002777
0.002985
0.001553
0.002629
0.001601
0.001486
0.001471
0.001490
0.001547
0.002646
0.001553
0.001534
0.001921
0.001472
0.001508
0.001488
0.001819
0.001453
0.002003
0.002145
0.001519
0.001931
0.001516
0.001940
0.001568
0.002809
0.001475
0.002614
0.002755
0.001490
0.001820
0.001763
0.001929
0.002243
0.001894
0.002010
0.002010
0.001555
0.001861
0.002151
0.002797
0.001524
0.002722
0.001471
0.001370
0.001535
0.001496
0.001086
0.001495
0.001502
0.001903
0.002704
0.001772
0.001968
0.002056
0.002285
0.002787
0.001297
0.001510
0.001573
0.001837
0.001459
0.001838
0.001539
0.001580
0.001994
0.001549
0.001570
0.001551
0.001483
0.001948
0.001741
0.002625
0.001306
0.001296
0.001379
0.001803
0.001512
0.001508
0.001516
0.001561
0.001502
0.001978
0.001495
0.001838
0.001597
0.002749
0.001794
0.001553
0.001564
0.001379
0.001503
0.001577
0.002064
0.002762
0.001300
0.001545
0.001906
0.001500
0.001453
0.002784
0.001510
0.002045
0.001484
0.001511
0.002436
0.002095
0.001487
0.001556
0.001559
0.001479
0.001922
0.001507
0.001941
0.001566
0.001510
0.001592
0.001553
0.002583
0.001545
0.001944
0.001476
0.001903
0.001938
0.001996
0.001862
0.001992
0.001557
0.001468
0.002577
0.001437
0.001496
0.002779
0.001537
0.001522
0.001506
0.002094
0.001442
0.001471
0.002854
0.003689
0.002584
0.001353
0.001316
0.001350
0.001459
0.001500
0.001397
0.000350
0.001212
0.001878
0.001403
0.001384
0.001366
0.001972
0.001625
0.002124
0.001541
0.001476
0.001493
0.001552
0.001476
0.001539
0.001485
0.001540
0.002286
0.002616
0.001389
0.001535
0.002272
0.001447
0.001300
0.001525
0.002725
0.002893
0.001486
0.002045
0.002666
0.001513
0.001446
0.001556
0.001791
0.001682
0.002234
0.002093
0.001766
0.001512
0.001845
0.001516
0.001879
0.002770
0.002810
0.001338
0.001382
0.002551
0.002497
0.001470
0.002243
0.002062
0.002763
0.002149
0.001809
0.001586
0.002580
0.001811
0.002103
0.001531
0.002059
0.001568
0.001518
0.002484
0.001302
0.000649
0.001206
0.001988
0.001530
0.001478
0.002525
0.001521
0.001497
0.002310
0.002548
0.001504
0.001505
0.002196
0.001929
0.001975
0.001482
0.001826
0.002022
0.001606
0.001529
0.001781
0.002660
0.002034
0.001504
0.002049
0.001983
0.001583
0.004363
0.002752
0.001333
0.001374
0.001422
0.001237
0.001871
0.001448
0.002712
0.002380
0.002788
0.001586
0.001388
0.001273
0.001849
0.002741
0.001906
0.001489
0.001542
0.002020
0.001917
0.001481
0.001563
0.001505
0.001508
0.001868
0.002092
0.001494
0.001554
0.002761
0.002794
0.001440
0.002748
0.001540
0.001601
0.001591
0.002100
0.002678
0.001309
0.001523
0.001502
0.001822
0.002113
0.002767
0.001326
0.001416
0.001361
0.001460
0.001458
0.001625
0.002135
0.001532
0.001844
0.002244
0.001490
0.001550
0.001481
0.001485
0.002687
0.001901
0.002048
0.002032
0.001686
0.001574
0.001529
0.002633
0.002471
0.002441
0.002692
0.001499
0.001978
0.002708
0.002709
0.001467
0.002719
0.002836
0.002278
0.001608
0.001502
0.001423
0.001487
0.001306
0.000422
0.001484
0.002783
0.002843
0.001364
0.001403
0.001976
0.001537
0.001516
0.001526
0.001592
0.002506
0.001568
0.002304
0.002813
0.001847
0.001619
0.001952
0.001307
