0.001986
0.001428
0.002147
0.001889
0.002037
0.002083
0.002147
0.002059
0.002078
0.002100
0.002033
0.001951
0.002011
0.002242
0.001951
0.001941
0.001977
0.001997
0.001951
0.002042
0.002010
0.001797
0.001716
0.001965
0.001959
0.001965
0.002016
0.001954
0.002042
0.001935
0.001894
0.002019
0.002655
0.000562
0.000609
0.001141
0.001177
0.001556
0.002169
0.002054
0.002107
0.002080
0.001917
0.002055
0.002109
0.002034
0.002172
0.001919
0.001932
0.002083
0.002115
0.002001
0.002213
0.002001
0.001782
0.001944
0.002130
0.002006
0.001933
0.001992
0.002080
0.001993
0.001979
0.002172
0.001999
0.001790
0.001899
0.001920
0.002123
0.002039
0.001833
0.001934
0.002005
0.001930
0.002080
0.001991
0.002064
0.001864
0.001888
0.001985
0.001938
0.002055
0.002003
0.002000
0.001951
0.001915
0.001964
0.002078
0.002097
0.001997
0.002077
0.001978
0.002030
0.001970
0.001864
0.001992
0.002047
0.002037
0.001877
0.002034
0.001983
0.001950
0.001961
0.002120
0.002040
0.002042
0.001984
0.002089
0.002330
0.002068
0.002033
0.001778
0.002031
0.001958
0.002026
0.001922
0.001955
0.002159
0.002052
0.002038
0.001964
0.001990
0.001984
0.001988
0.002080
0.002173
0.002016
0.002041
0.002136
0.002098
0.002027
0.002177
0.001818
0.002190
0.002046
0.001957
0.002108
0.002127
0.001938
0.001860
0.001921
0.001859
0.001796
0.002027
0.002013
0.002002
0.001986
0.001878
0.002051
0.002117
0.002007
0.002168
0.001988
0.001914
0.001946
0.002021
0.001907
0.001909
0.001952
0.001978
0.002104
0.001872
0.002001
0.001993
0.002236
0.001968
0.002061
0.002172
0.002069
0.001850
0.001963
0.001882
0.002118
0.001868
0.002091
0.002098
0.002041
0.002043
0.001965
0.002068
0.002106
0.001950
0.002114
0.002036
0.002223
0.001044
0.000757
0.002046
0.002074
0.002011
0.001910
0.002097
0.002107
0.002088
0.002059
0.001842
0.001990
0.001996
0.001889
0.002351
0.000602
0.000625
0.001260
0.000716
0.002016
0.000821
0.000786
0.000807
0.001220
0.001946
0.002097
0.001874
0.001975
0.001988
0.001986
0.001829
0.002098
0.001960
0.002016
0.001927
0.001980
0.002628
0.001949
0.002103
0.002029
0.001940
0.001689
0.001948
0.002790
0.001745
0.002011
0.001962
0.001632
0.000707
0.001479
0.000836
0.001027
0.000498
0.002012
0.002501
0.002072
0.001914
0.001624
0.000795
0.001310
0.001357
0.000774
0.001297
0.001872
0.001901
0.002110
0.001854
0.001950
0.002077
0.001978
0.002055
0.002045
0.002086
0.002085
0.001901
0.002024
0.001925
0.001873
0.001953
0.002022
0.002203
0.002046
0.002087
0.002050
0.001818
0.001969
0.001977
0.001948
0.002227
0.001892
0.001963
0.001830
0.001856
0.002074
0.001948
0.001914
0.001996
0.002129
0.002541
0.001916
0.001972
0.001874
0.002112
0.002040
0.002041
0.001993
0.003486
0.001953
0.002107
0.001990
0.001862
0.002060
0.001855
0.002085
0.002056
0.002082
0.002078
0.001984
0.002198
0.002070
0.002028
0.001905
0.001828
0.001952
0.002004
0.002851
0.002046
0.002127
0.002126
0.002057
0.001951
0.001923
0.001974
0.002063
0.002048
0.002165
0.001876
0.002042
0.002085
0.002114
0.002062
0.002090
0.002128
0.001855
0.002006
0.001891
0.001993
0.001771
0.001888
0.001975
0.002069
0.001887
0.001876
0.001952
0.001854
0.002058
0.001928
0.001975
0.001952
0.001845
0.002099
0.001966
0.001960
0.001915
0.001751
0.002131
0.001918
0.001842
0.001870
0.001806
0.001878
0.001977
0.001847
0.001911
0.001841
0.001983
0.002083
0.001979
0.002043
0.001966
0.002107
0.002166
0.001850
0.001761
0.001926
0.002014
0.002000
0.002034
0.001909
0.001898
0.001854
0.001826
0.002145
0.001955
0.002186
0.002024
0.001915
0.001978
0.001791
0.001770
0.001991
0.002339
0.001909
0.001984
0.002090
0.001980
0.000743
0.000903
0.002065
0.001933
0.002141
0.001886
0.002130
0.002032
0.001873
0.001847
0.001953
0.002100
0.001938
0.001886
0.002044
0.001991
0.001790
0.001890
0.001961
0.002055
0.001994
0.001966
0.001930
0.002079
0.002018
0.001950
0.001936
0.001985
0.001935
0.001945
0.001991
0.001953
0.001993
0.001934
0.001942
0.002038
0.001960
0.001904
0.001949
0.002138
0.001941
0.001849
0.002033
0.002128
0.001918
0.001985
0.001941
0.002142
0.001672
0.001946
0.001937
0.001981
0.002045
0.002002
0.002182
0.002006
0.001823
0.002308
0.001049
0.001773
0.002132
0.001189
0.000827
0.001765
0.000762
0.001183
0.002075
0.002069
0.002028
0.002076
0.001980
0.001885
0.001901
0.001995
0.002037
0.001972
0.001997
0.001832
0.001912
0.002048
0.001987
0.002034
0.001923
0.001842
0.001762
0.002020
0.002517
0.002053
0.002084
0.001856
0.002738
0.001884
0.002157
0.002032
0.001987
0.002128
0.001878
0.001999
0.001928
0.002380
0.002195
0.001991
0.001915
0.002139
0.002113
0.001973
0.001989
0.002050
0.002043
