0.000766
0.001905
0.001426
0.001440
0.001690
0.001707
0.001591
0.001742
0.002087
0.001432
0.001397
0.001357
0.001417
0.001681
0.001450
0.002113
0.001653
0.001767
0.001600
0.001497
0.001383
0.001256
0.001478
0.001632
0.001767
0.001800
0.001426
0.001577
0.001463
0.001432
0.001489
0.001674
0.001802
0.001431
0.001651
0.001671
0.001628
0.001728
0.001633
0.001756
0.001417
0.001681
0.001340
0.001675
0.001437
0.001628
0.001696
0.000705
0.001142
0.001365
0.001339
0.000703
0.000741
0.001871
0.000677
0.001556
0.000656
0.001540
0.001286
0.001337
0.000682
0.000760
0.001937
0.000670
0.000727
0.001847
0.000716
0.000790
0.001987
0.001439
0.001705
0.001713
0.001338
0.001671
0.001467
0.001414
0.001784
0.002371
0.001712
0.001722
0.001488
0.001504
0.001794
0.000704
0.001014
0.001733
0.001304
0.002703
0.001708
0.002265
0.001530
0.001781
0.001657
0.001367
0.001433
0.001927
0.001734
0.001379
0.002323
0.001685
0.001685
0.001394
0.001318
0.001321
0.001774
0.001637
0.001703
0.001411
0.001723
0.002347
0.001221
0.001297
0.001365
0.000661
0.000750
0.001873
0.000673
0.001772
0.001394
0.001576
0.002162
0.002355
0.001380
0.001709
0.001740
0.001715
0.001743
0.001395
0.001772
0.001739
0.001348
0.002467
0.001022
0.001400
0.001755
0.001733
0.002470
0.000633
0.001333
0.001715
0.001726
0.001703
0.001703
0.001784
0.001491
0.001719
0.001618
0.001780
0.001460
0.001309
0.002422
0.002277
0.001628
0.001716
0.001956
0.001736
0.001415
0.001711
0.001437
0.001373
0.001408
0.001412
0.001343
0.001797
0.001831
0.002276
0.001257
0.001636
0.001406
0.002212
0.001437
0.001683
0.001601
0.001763
0.001477
0.001662
0.001436
0.001318
0.001402
0.001364
0.001403
0.001869
0.001350
0.001456
0.001412
0.001786
0.002414
0.001665
0.001410
0.001603
0.001696
0.001691
0.001608
0.001462
0.001373
0.001725
0.001707
0.001455
0.001446
0.001693
0.001540
0.001987
0.001720
0.001770
0.001663
0.001663
0.002037
0.001447
0.001776
0.001304
0.001664
0.001470
0.001821
0.001632
0.001684
0.001707
0.001655
0.001420
0.001458
0.001803
0.001752
0.001927
0.001408
0.001376
0.001335
0.001411
0.001692
0.001763
0.001412
0.001606
0.001630
0.001637
0.001380
0.001716
0.001765
0.001408
0.001803
0.001363
0.001749
0.001701
0.001291
0.002714
0.002443
0.001629
0.001668
0.001375
0.001429
0.001351
0.001659
0.001704
0.001805
0.001651
0.001586
0.001695
0.001415
0.002357
0.000975
0.001224
0.000683
0.000960
0.000699
0.001312
0.001422
0.001792
0.001699
0.001768
0.001704
0.001208
0.001877
0.001916
0.001941
0.001332
0.001350
0.001850
0.000558
0.001646
0.001390
0.000666
0.001650
0.000496
0.000656
0.001814
0.000651
0.000913
0.001819
0.000723
0.001579
0.000742
0.000744
0.001965
0.001722
0.001637
0.001678
0.001609
0.001390
0.001410
0.002149
0.001470
0.001752
0.001564
0.001385
0.001813
0.001690
0.001609
0.001246
0.001714
0.001362
0.001387
0.001757
0.001663
0.001303
0.001631
0.001423
0.001703
0.001600
0.001712
0.001462
0.001442
0.001446
0.001721
0.001765
0.001646
0.002173
0.001647
0.001444
0.001466
0.001706
0.001577
0.001400
0.001764
0.001672
0.001667
0.001412
0.001947
0.001417
0.001830
0.001742
0.001706
0.001382
0.001749
0.001756
0.001766
0.002040
0.001583
0.001412
0.001630
0.001447
0.001720
0.001358
0.001338
0.001431
0.001726
0.001740
0.001798
0.001461
0.001702
0.001545
0.001782
0.001483
0.001689
0.001437
0.001745
0.001330
0.001737
0.001779
0.001642
0.001584
0.001407
0.001478
0.001388
0.001429
0.001390
0.001712
0.001730
0.001436
0.001383
0.001771
0.001366
0.001662
0.001452
0.001436
0.001437
0.001791
0.002323
0.001423
0.001323
0.002199
0.001708
0.001369
0.001788
0.001463
0.001305
0.002119
0.001768
0.001357
0.001393
0.001420
0.001812
0.001240
0.001558
0.001522
0.001627
0.002497
0.001708
0.001662
0.001446
0.001679
0.001760
0.000664
0.000754
0.001887
0.001791
0.001793
0.001408
0.001803
0.001512
0.001430
0.002371
0.001888
0.001427
0.001860
0.001489
0.001678
0.001445
0.001320
0.001413
0.001787
0.001706
0.001450
0.002132
0.001688
0.001624
0.001616
0.001718
0.001760
0.001353
0.001739
0.001687
0.001647
0.001361
0.002003
0.001684
0.001317
0.001575
0.001392
0.002129
0.000656
0.001402
0.001313
0.000663
0.001770
0.000688
0.000729
0.001821
0.000702
0.001545
0.001411
0.001653
0.001442
0.001412
0.001744
0.001741
0.001628
0.001589
0.001413
0.001409
0.001427
0.001904
0.001628
0.001707
0.001814
0.001465
0.001327
0.001332
0.001602
0.001709
0.001970
0.000692
0.000756
0.001352
0.001937
0.001701
0.001575
0.001337
0.002369
0.001710
0.001535
0.001772
0.001765
0.002405
0.001306
0.000655
0.000750
0.001743
0.000676
0.001012
0.001163
0.001922
0.001428
0.001800
