0.001495
0.000849
0.001538
0.002137
0.002085
0.002314
0.002997
0.002174
0.002126
0.002181
0.002066
0.002272
0.002062
0.002154
0.002322
0.002090
0.002220
0.002285
0.001946
0.002556
0.001705
0.002196
0.002049
0.002052
0.002164
0.002086
0.002127
0.002091
0.002092
0.002058
0.002174
0.002125
0.002028
0.002199
0.002189
0.002166
0.002090
0.002060
0.002178
0.002225
0.002132
0.002111
0.002210
0.002169
0.002080
0.002805
0.002127
0.002127
0.002085
0.002170
0.002684
0.001128
0.001002
0.001105
0.001979
0.001977
0.002112
0.001989
0.001327
0.001145
0.000869
0.000882
0.001158
0.002399
0.002152
0.002024
0.002136
0.002116
0.002106
0.002098
0.001939
0.002236
0.002151
0.002156
0.002268
0.002724
0.001417
0.001278
0.002036
0.002156
0.002305
0.002037
0.002088
0.002113
0.002308
0.002039
0.002000
0.002332
0.002090
0.002846
0.001139
0.000618
0.000806
0.001918
0.001538
0.001686
0.001422
0.001157
0.001292
0.001979
0.001175
0.001630
0.001359
0.001444
0.001446
0.001510
0.002801
0.002078
0.002993
0.002214
0.002167
0.002129
0.002095
0.002340
0.002309
0.002159
0.002098
0.002103
0.002162
0.002318
0.002167
0.002218
0.002120
0.002160
0.002084
0.002076
0.002689
0.002990
0.002014
0.002057
0.002122
0.002141
0.002145
0.002028
0.002096
0.002153
0.002206
0.002109
0.002358
0.002148
0.002087
0.002246
0.002118
0.002149
0.002067
0.003211
0.002250
0.002115
0.002024
0.002000
0.002785
0.001401
0.000947
0.001205
0.000872
0.002396
0.001374
0.001664
0.000595
0.001040
0.001882
0.001380
0.000833
0.000897
0.001986
0.000544
0.001693
0.002523
0.002194
0.002094
0.002221
0.002009
0.002109
0.002029
0.002989
0.001700
0.002171
0.002192
0.002737
0.001442
0.001560
0.002280
0.002089
0.002241
0.002224
0.002222
0.002308
0.002107
0.002104
0.002244
0.002370
0.002284
0.002141
0.002129
0.001984
0.002190
0.002098
0.002006
0.002078
0.002074
0.002068
0.002140
0.002064
0.002051
0.002128
0.002091
0.002080
0.002114
0.002226
0.002935
0.002052
0.002118
0.002081
0.002032
0.001910
0.002194
0.002093
0.002179
0.002114
0.002256
0.002146
0.002112
0.002223
0.002029
0.002178
0.003624
0.002106
0.002080
0.002123
0.002086
0.002035
0.002253
0.002161
0.002004
0.002443
0.002551
0.001217
0.000898
0.000837
0.002010
0.000747
0.000826
0.001810
0.002118
0.002136
0.002110
0.002131
0.002192
0.002222
0.002173
0.002178
0.002188
0.002117
0.002139
0.002639
0.002205
0.002009
0.002270
0.002026
0.002101
0.002202
0.002154
0.002337
0.002064
0.001924
0.002114
0.002261
0.002124
0.002056
0.002238
0.002100
0.002117
0.002049
0.001998
0.002114
0.002012
0.002054
0.002172
0.002072
0.002166
0.001529
0.002123
0.002078
0.002220
0.002291
0.002058
0.002050
0.002125
0.002842
0.002133
0.002075
0.002104
0.002062
0.002222
0.002108
0.002221
0.002146
0.002186
0.002104
0.002224
0.002183
0.002085
0.002117
0.002143
0.002119
0.002250
0.002135
0.002241
0.002064
0.002093
0.002174
0.002085
0.002206
0.002321
0.002104
0.002858
0.002119
0.001971
0.002115
0.002173
0.002137
0.002096
0.002006
0.002094
0.002124
0.002084
0.002320
0.002218
0.002073
0.002056
0.002079
0.002274
0.002092
0.002076
0.002029
0.002667
0.001471
0.001430
0.001311
0.001367
0.002275
0.002091
0.002129
0.002234
0.002077
0.002109
0.002128
0.002021
0.002057
0.002126
0.002165
0.002146
0.002171
0.002811
0.002131
0.002250
0.002180
0.002229
0.002086
0.002108
0.002202
0.002092
0.002198
0.002302
0.002847
0.001676
0.001415
0.001477
0.001439
0.002123
0.002227
0.002032
0.002183
0.002081
0.002182
0.002150
0.002139
0.002294
0.002279
0.002160
0.002182
0.002053
0.002858
0.002003
0.002119
0.002256
0.002262
0.002916
0.002234
0.002003
0.002139
0.002138
0.002109
0.002206
0.002081
0.002087
0.002140
0.002032
0.002127
0.002300
0.001981
0.002183
0.001985
0.001998
0.002094
0.002132
0.002144
0.002011
0.002039
0.002163
0.002002
0.002101
0.002315
0.002053
0.001944
0.002172
0.002144
0.002121
0.002065
0.002046
0.002221
0.001959
0.001981
0.002051
0.002288
0.002090
0.002062
0.002132
0.002310
0.002272
0.003097
0.002192
0.002151
0.002183
0.002367
0.002248
0.002137
0.002134
0.002196
0.002187
0.001934
0.002119
0.002768
0.000491
0.000811
0.001117
0.001319
0.001375
0.002142
0.002038
0.002039
0.002722
0.002282
0.002080
0.002212
0.002042
0.001986
0.002173
0.002243
0.002121
0.002371
0.002064
0.002127
0.002141
0.002124
0.002119
0.002235
0.002092
0.002254
0.002455
0.002100
0.002097
0.002123
0.002207
0.002209
0.002019
0.002096
0.001984
0.002089
0.002164
0.002130
0.002237
0.003707
0.002062
0.002038
0.002171
0.002111
0.002090
0.002261
0.002189
0.002202
0.002187
0.002118
0.002019
0.002060
0.002090
0.002218
0.002081
0.002187
0.002955
