0.004143
0.004194
0.004106
0.004116
0.005737
0.003973
0.004438
0.003028
0.004022
0.003914
0.004780
0.004372
0.004417
0.003881
0.003916
0.004195
0.004248
0.004266
0.004290
0.003814
0.003730
0.004269
0.003711
0.003447
0.003877
0.004176
0.003598
0.003825
0.004130
0.004431
0.004385
0.004060
0.003231
0.003964
0.003477
0.003872
0.004120
0.003985
0.003901
0.003082
0.003057
0.003347
0.004046
0.003869
0.003892
0.003966
0.008128
0.003734
0.003854
0.003088
0.003986
0.012699
0.004294
0.004410
0.004499
0.003584
0.003905
0.003642
0.003819
0.003841
0.003783
0.004093
0.004152
0.004050
0.003379
0.004145
0.004280
0.004180
0.004060
0.004130
0.003834
0.004775
0.004470
0.003444
0.004095
0.003518
0.004193
0.004170
0.004159
0.004094
0.004513
0.003981
0.004094
0.003508
0.004172
0.004211
0.004308
0.004005
0.004153
0.005967
0.004196
0.003545
0.004009
0.004125
0.004194
0.004126
0.004139
0.004577
0.004648
0.004099
0.004219
0.004151
0.004241
0.004234
0.004038
0.004073
0.004182
0.004660
0.004170
0.004409
0.003985
0.004421
0.004271
0.004260
0.004129
0.004336
0.004275
0.003850
0.004172
0.004178
0.004232
0.004279
0.004270
0.004118
0.004029
0.004044
0.003327
0.004075
0.004211
0.004160
0.003895
0.004265
0.002908
0.004097
0.003416
0.003973
0.004223
0.004042
0.004218
0.004122
0.004051
0.004038
0.004154
0.004010
0.003962
0.004076
0.003503
0.004031
0.004179
0.004158
0.004223
0.004599
0.004046
0.004035
0.004147
0.003752
0.004306
0.004120
0.003825
0.004227
0.004534
0.003850
0.003328
0.003450
0.004132
0.004249
0.004214
0.004245
0.004221
0.004254
0.004046
0.003487
0.004176
0.004083
0.003933
0.003875
0.004115
0.003957
0.004351
0.004135
0.004307
0.004082
0.004197
0.004161
0.004003
0.004104
0.004265
0.004634
0.004038
0.003591
0.002973
0.003808
0.004284
0.004151
0.004304
0.004073
0.005047
0.004628
0.004165
0.003141
0.004016
0.004079
0.004226
0.004232
0.008001
0.004050
0.004142
0.004123
0.003687
0.004090
0.004013
0.004118
0.004236
0.004699
0.004233
0.003935
0.003928
0.004088
0.004304
0.004180
0.004248
0.004269
0.004900
0.004531
0.003280
0.003993
0.003217
0.004322
0.004323
0.004141
0.003958
0.007393
0.003557
0.004100
0.003898
0.003422
0.004145
0.003591
0.003722
0.004090
0.004392
0.004240
0.003377
0.004165
0.004168
0.004275
0.004093
0.004101
0.004535
0.004063
0.004143
0.004174
0.003980
0.004145
0.004054
0.004000
0.004277
0.004192
0.004006
0.004142
0.004155
0.004198
0.004184
0.004272
0.004209
0.004294
0.004076
0.004209
0.004148
0.004225
0.004186
0.004014
0.004052
0.004039
0.004192
0.004181
0.004046
0.004305
0.004228
0.004224
0.004169
0.004055
0.004037
0.003778
0.004130
0.004107
0.004034
0.003908
0.003740
0.004140
0.004040
0.004208
0.004130
0.004071
0.004093
0.004139
0.004308
0.004114
0.004196
0.004177
0.004441
0.004154
0.003990
0.003977
0.003975
0.004251
0.004273
0.004266
0.003933
0.004173
0.004272
0.004170
0.004199
0.004090
0.003949
0.004029
0.004154
0.004027
0.004138
0.003998
0.004035
0.003979
0.004227
0.004178
0.004176
0.003909
0.004110
0.003787
0.003888
0.004623
0.008227
0.003566
0.004123
0.003492
0.004243
0.004083
0.004186
0.004265
0.003743
0.004046
0.004180
0.004021
0.004063
0.004183
0.004099
0.004252
0.004336
0.004212
0.004060
0.004150
0.004010
0.003671
0.004147
0.004156
0.004113
0.004189
0.004027
0.004132
0.003960
0.003990
0.004243
0.003947
0.003948
0.004028
0.004004
0.004032
0.004072
0.004116
0.004078
0.004022
0.004215
0.004243
0.004004
0.004055
0.004071
0.004166
0.004414
0.003975
0.004210
0.004188
0.003387
0.003526
0.003738
0.004235
0.004097
0.004062
0.004233
0.004195
0.004246
0.003859
0.003872
0.004250
0.004163
0.004062
0.003958
0.003979
0.004246
0.004205
0.004264
0.004070
0.004373
0.004004
0.004148
0.004065
0.003957
0.004217
0.004296
0.004268
0.004178
0.004245
0.004065
0.004304
0.003814
0.004306
0.007780
0.003938
0.004050
0.003352
0.004189
0.003900
0.004183
0.004588
0.004401
0.004291
0.004866
0.003978
0.004000
0.003485
0.004206
0.004062
0.004211
0.004167
0.004216
0.004289
0.007804
0.004179
0.003985
0.003495
0.004226
0.004238
0.003989
0.004078
0.004278
0.003229
0.004194
0.004235
0.003954
0.004192
0.004144
0.003893
0.004246
0.004043
0.004617
0.004274
0.003659
0.004177
0.004038
0.004202
0.004196
0.004238
0.004166
0.004139
0.004103
0.003934
0.004135
0.004182
0.004234
0.004225
0.004068
0.004123
0.004250
0.004291
0.004168
0.004165
0.004064
0.003850
0.004298
0.004064
0.004130
0.003931
0.004069
0.003954
0.004237
0.004204
0.004002
0.004043
0.004085
0.004060
0.004100
0.004156
0.004235
0.003939
0.004238
0.004112
0.004481
0.004223
0.004083
0.004202
0.004382
0.004051
