0.004224
0.004303
0.004553
0.004446
0.004421
0.004467
0.004383
0.004579
0.004024
0.004532
0.004363
0.004536
0.004520
0.004007
0.004281
0.004289
0.004144
0.004231
0.004216
0.003713
0.004414
0.004416
0.004480
0.003680
0.004667
0.004498
0.004472
0.003759
0.004260
0.004231
0.004128
0.004606
0.004347
0.004405
0.004507
0.004358
0.004443
0.004371
0.004311
0.003538
0.004185
0.004493
0.004466
0.003637
0.004487
0.004422
0.004415
0.004155
0.004320
0.004548
0.004260
0.004391
0.004397
0.004586
0.004382
0.004474
0.003980
0.004460
0.004112
0.004478
0.004480
0.004316
0.004481
0.004097
0.004445
0.004479
0.004460
0.004466
0.003843
0.003703
0.003865
0.004152
0.004444
0.004490
0.004461
0.004520
0.004223
0.004609
0.004497
0.003418
0.004398
0.004531
0.004240
0.004512
0.004071
0.004588
0.004198
0.004285
0.004166
0.004529
0.004431
0.004522
0.004506
0.004199
0.004347
0.004478
0.004168
0.004335
0.004348
0.004540
0.004308
0.004342
0.004191
0.004580
0.004506
0.004243
0.004336
0.004469
0.004345
0.004493
0.004306
0.003593
0.004350
0.004500
0.004458
0.004385
0.004153
0.004473
0.004999
0.003698
0.004255
0.003434
0.003889
0.003595
0.004125
0.003713
0.003709
0.003944
0.003675
0.003555
0.003390
0.003628
0.003561
0.003605
0.003618
0.003565
0.003471
0.003275
0.003698
0.003626
0.003498
0.003531
0.003558
0.003622
0.003393
0.003493
0.003574
0.003576
0.003629
0.003393
0.003577
0.003663
0.003676
0.003788
0.004211
0.003771
0.003789
0.003752
0.004069
0.004520
0.004383
0.004589
0.004361
0.004530
0.004166
0.004493
0.004323
0.004503
0.004260
0.004530
0.004228
0.003985
0.004549
0.004491
0.004504
0.003555
0.004481
0.004294
0.004431
0.004507
0.004523
0.004615
0.004434
0.004427
0.004462
0.004427
0.004487
0.004263
0.004449
0.004346
0.004369
0.004421
0.004312
0.004376
0.004269
0.003762
0.004484
0.004443
0.004567
0.004561
0.004176
0.004553
0.004416
0.004361
0.004182
0.004359
0.003687
0.004324
0.004372
0.004118
0.004206
0.004363
0.004122
0.004364
0.004281
0.004435
0.004347
0.003503
0.004325
0.004191
0.004182
0.004308
0.004183
0.004497
0.004355
0.004447
0.004508
0.004626
0.004544
0.004518
0.004562
0.004537
0.004514
0.004377
0.004417
0.004446
0.004371
0.004471
0.004437
0.004428
0.004485
0.004373
0.004262
0.003385
0.004231
0.004386
0.004219
0.004375
0.004077
0.004534
0.004480
0.003586
0.004559
0.004478
0.004464
0.003609
0.004571
0.004451
0.004544
0.004515
0.004247
0.004466
0.004341
0.004530
0.004265
0.004030
0.004128
0.004530
0.004441
0.004340
0.004208
0.004509
0.004307
0.004603
0.004429
0.004462
0.004332
0.004502
0.004337
0.004468
0.004436
0.004207
0.004537
0.003609
0.004591
0.004518
0.004221
0.004378
0.004290
0.004393
0.004278
0.004319
0.004100
0.004200
0.004251
0.003698
0.004518
0.004483
0.004438
0.004143
0.004598
0.004475
0.004391
0.004338
0.004236
0.004585
0.004264
0.004571
0.003680
0.004446
0.004148
0.004122
0.004233
0.004395
0.004214
0.004370
0.004247
0.004510
0.004380
0.004440
0.004170
0.004485
0.004412
0.004556
0.004564
0.004838
0.003539
0.003643
0.004339
0.004569
0.004444
0.003639
0.004121
0.004392
0.004454
0.004430
0.004377
0.004513
0.004415
0.004340
0.004183
0.004439
0.004420
0.004576
0.004536
0.004409
0.004413
0.003523
0.004299
0.004343
0.004435
0.004548
0.004384
0.004434
0.004300
0.004358
0.004319
0.003494
0.004290
0.004203
0.004396
0.004493
0.004259
0.004506
0.004214
0.003532
0.004449
0.004432
0.004529
0.004463
0.004352
0.003857
0.003811
0.003617
0.004100
0.004391
0.004481
0.004446
0.004226
0.003675
0.004455
0.004420
0.004268
0.004493
0.004258
0.004105
0.004533
0.004578
0.004259
0.004021
0.004494
0.003999
0.003488
0.003475
0.004601
0.004170
0.004277
0.003599
0.004424
0.004445
0.004236
0.004277
0.004495
0.003816
0.004427
0.004796
0.003509
0.003483
0.003403
0.003942
0.004292
0.004388
0.004172
0.004542
0.004423
0.004459
0.004526
0.004536
0.003322
0.004271
0.004351
0.003699
0.003488
0.004497
0.004514
0.004405
0.004408
0.004100
0.004501
0.004346
0.004556
0.003492
0.003345
0.003364
0.004404
0.004462
0.004538
0.004547
0.004335
0.004922
0.003770
0.003323
0.003761
0.004430
0.004425
0.004458
0.004199
0.004260
0.004679
0.003711
0.003601
0.003517
0.004097
0.004196
0.004483
0.004095
0.004504
0.004316
0.004739
0.003761
0.003585
0.004423
0.004523
0.004498
0.004201
0.004610
0.004559
0.004389
0.004457
0.004383
0.003569
0.003519
0.003731
0.004507
0.004509
0.004600
0.003332
0.004255
0.004834
0.003740
0.003597
0.003777
0.004522
0.004237
0.004168
0.004401
0.004209
0.004151
0.004410
0.004905
0.003373
0.003867
0.003607
0.004531
0.003962
0.004424
0.004518
0.004475
0.004510
0.004088
