0.003217
0.003351
0.004022
0.004161
0.004151
0.004186
0.003832
0.004038
0.004046
0.004279
0.004272
0.004199
0.004010
0.004057
0.004246
0.004236
0.003860
0.004232
0.004437
0.004781
0.004488
0.004179
0.004105
0.004225
0.004440
0.003773
0.003921
0.004278
0.004113
0.004197
0.004244
0.004130
0.004133
0.004163
0.003769
0.004126
0.004008
0.004246
0.004135
0.004163
0.004180
0.004363
0.004210
0.004200
0.004457
0.004113
0.004110
0.004229
0.004120
0.004146
0.004550
0.004261
0.004306
0.004115
0.004390
0.003556
0.004171
0.004024
0.004107
0.004242
0.004273
0.003661
0.004152
0.003853
0.004044
0.004134
0.004246
0.004346
0.003996
0.003642
0.003829
0.004296
0.004447
0.004331
0.004813
0.004300
0.004868
0.004235
0.004191
0.004264
0.004359
0.003835
0.004506
0.003727
0.003777
0.004142
0.004323
0.004320
0.004283
0.004089
0.003941
0.004515
0.004268
0.003638
0.004201
0.004243
0.004351
0.004265
0.004826
0.004288
0.004198
0.004040
0.004217
0.004019
0.004183
0.004146
0.004385
0.004040
0.003784
0.003802
0.003667
0.004252
0.004376
0.004244
0.004215
0.004591
0.004266
0.003955
0.003732
0.004039
0.003923
0.004035
0.004088
0.004159
0.004091
0.003723
0.004395
0.004245
0.004245
0.004282
0.004152
0.004712
0.005051
0.004180
0.004357
0.004266
0.003684
0.003815
0.003936
0.004221
0.004222
0.004074
0.004235
0.004391
0.004062
0.004142
0.003980
0.004245
0.003891
0.004019
0.003793
0.003911
0.004347
0.004232
0.004895
0.004230
0.004557
0.003800
0.003972
0.004114
0.003404
0.003676
0.004244
0.004408
0.004147
0.003998
0.004619
0.004166
0.004037
0.004297
0.003909
0.004219
0.003069
0.003937
0.003957
0.003678
0.004400
0.004121
0.004807
0.003992
0.004272
0.003895
0.004105
0.003767
0.004290
0.004364
0.004154
0.004182
0.004747
0.003600
0.003996
0.004058
0.004391
0.004459
0.004240
0.004318
0.004214
0.004277
0.004182
0.004501
0.004195
0.004252
0.004230
0.003632
0.004150
0.003410
0.004319
0.004213
0.003958
0.004839
0.004069
0.004479
0.003960
0.004163
0.004598
0.004229
0.004181
0.004144
0.004012
0.004196
0.004396
0.003985
0.003862
0.003987
0.004153
0.004311
0.004182
0.004223
0.004050
0.004173
0.004016
0.004246
0.004056
0.004146
0.004562
0.004329
0.004183
0.004250
0.003887
0.003655
0.004433
0.004184
0.004273
0.003979
0.004441
0.003721
0.004069
0.003857
0.003992
0.003977
0.004423
0.004001
0.004131
0.003875
0.003909
0.004083
0.003805
0.004486
0.004332
0.004471
0.004284
0.004072
0.004217
0.003913
0.003163
0.003160
0.003542
0.003929
0.003220
0.003837
0.004365
0.004133
0.004284
0.004251
0.004312
0.004392
0.003419
0.003852
0.004024
0.004180
0.004394
0.004316
0.004384
0.004072
0.004895
0.004447
0.003908
0.003908
0.004293
0.003891
0.003839
0.003627
0.004216
0.004094
0.003731
0.003987
0.004115
0.003500
0.004461
0.004635
0.004572
0.004112
0.004270
0.004234
0.004279
0.003803
0.003886
0.004209
0.004300
0.004475
0.004320
0.004224
0.004441
0.004319
0.003479
0.004084
0.004011
0.004448
0.003860
0.004074
0.004276
0.004781
0.004228
0.004801
0.004156
0.004138
0.004055
0.004462
0.004265
0.004079
0.003988
0.003871
0.005073
0.004157
0.004109
0.004344
0.004184
0.004325
0.004110
0.004113
0.003983
0.004364
0.004156
0.004199
0.004304
0.004493
0.003778
0.003766
0.004156
0.004294
0.004254
0.004255
0.003811
0.004272
0.003579
0.003954
0.004481
0.004033
0.004320
0.004071
0.004129
0.004095
0.004081
0.003898
0.004219
0.004478
0.004816
0.004162
0.004016
0.004033
0.004018
0.004130
0.003897
0.004640
0.004668
0.004302
0.004857
0.003871
0.003973
0.004339
0.004229
0.004572
0.004365
0.004284
0.003803
0.004104
0.004170
0.004211
0.004153
0.004155
0.003774
0.003804
0.003833
0.004198
0.004121
0.004139
0.004251
0.004829
0.004370
0.004965
0.003911
0.004103
0.004253
0.003819
0.004292
0.004188
0.004140
0.004149
0.004409
0.004302
0.004429
0.004421
0.004318
0.004408
0.004536
0.004065
0.003950
0.004177
0.004400
0.004711
0.004332
0.004203
0.004220
0.004529
0.004080
0.004144
0.004246
0.004185
0.003869
0.004437
0.004296
0.003992
0.005037
0.004108
0.004244
0.003910
0.003981
0.004298
0.004254
0.004056
0.004309
0.004309
0.004027
0.004706
0.004119
0.004235
0.004500
0.004268
0.003948
0.004306
0.003900
0.003786
0.004666
0.003885
0.004748
0.003973
0.004511
0.003842
0.003827
0.003485
0.003321
0.003876
0.004666
0.004520
0.004929
0.003787
0.003344
0.003925
0.003857
0.003675
0.004541
0.004084
0.004187
0.004342
0.004184
0.004046
0.005013
0.004011
0.003881
0.004026
0.004269
0.004100
0.005066
0.004528
0.004699
0.003518
0.003120
0.003420
0.003336
0.004147
0.004170
0.004405
0.004633
0.004008
0.009956
0.003470
0.003858
0.003448
0.003726
0.004625
