0.003786
0.004405
0.003089
0.003779
0.005338
0.007465
0.007228
0.008207
0.008669
0.008934
0.008164
0.008560
0.009552
0.009457
0.009544
0.009746
0.010271
0.007693
0.006131
0.006835
0.007176
0.007262
0.007325
0.007687
0.007971
0.008131
0.007243
0.008104
0.008608
0.008778
0.008844
0.008927
0.009379
0.009121
0.009559
0.009733
0.009620
0.009269
0.007937
0.008431
0.008185
0.008399
0.008755
0.008700
0.009067
0.009106
0.009226
0.009544
0.009549
0.009865
0.008281
0.007210
0.008116
0.008833
0.008608
0.008716
0.008910
0.008596
0.009303
0.007883
0.008037
0.007868
0.008567
0.007358
0.008322
0.005395
0.005508
0.005035
0.004695
0.004836
0.004814
0.005254
0.005667
0.005444
0.005561
0.006230
0.006310
0.006487
0.006796
0.007265
0.007123
0.007566
0.007706
0.007736
0.007834
0.008017
0.007354
0.007328
0.006959
0.007313
0.006536
0.006416
0.006380
0.006593
0.007518
0.007676
0.007405
0.007795
0.008029
0.007923
0.006923
0.007524
0.007004
0.007308
0.005626
0.005218
0.005599
0.005613
0.006539
0.006575
0.006808
0.007416
0.007543
0.007563
0.007733
0.008021
0.007878
0.008529
0.008594
0.008341
0.006442
0.006876
0.007528
0.007823
0.007917
0.008174
0.006593
0.004497
0.003202
0.003334
0.003666
0.004327
0.004458
0.004002
0.004078
0.004279
0.003474
0.003480
0.003710
0.003772
0.004310
0.004622
0.004153
0.004123
0.004485
0.003360
0.003264
0.003802
0.004040
0.003997
0.004133
0.004256
0.003948
0.004677
0.003421
0.003652
0.004173
0.004334
0.004137
0.004201
0.004214
0.003774
0.003682
0.003314
0.003995
0.003877
0.004254
0.004102
0.004050
0.004045
0.006957
0.002630
0.003483
0.003430
0.004084
0.004073
0.003980
0.004521
0.004039
0.004409
0.003450
0.003408
0.003443
0.004014
0.004288
0.004123
0.004115
0.004310
0.004064
0.004257
0.004158
0.004116
0.004385
0.004042
0.004099
0.004119
0.004389
0.004339
0.003971
0.004031
0.004041
0.003889
0.003975
0.004171
0.004276
0.004447
0.004511
0.003389
0.003366
0.003880
0.004309
0.004210
0.004488
0.004218
0.004385
0.004335
0.003322
0.004009
0.004463
0.004030
0.004031
0.003730
0.004160
0.009044
0.003330
0.003415
0.004227
0.004065
0.004301
0.004172
0.004102
0.004163
0.004617
0.003091
0.003183
0.004254
0.004371
0.004314
0.004051
0.004178
0.003415
0.003544
0.003133
0.003151
0.003668
0.004074
0.003919
0.004052
0.004166
0.003872
0.004266
0.003418
0.003756
0.004004
0.004060
0.004271
0.004359
0.004043
0.004096
0.004359
0.003480
0.003874
0.003745
0.004046
0.004295
0.004091
0.004078
0.004260
0.002957
0.003252
0.004076
0.004363
0.004064
0.004436
0.004135
0.004066
0.004205
0.003451
0.003254
0.003751
0.004107
0.003881
0.004151
0.004120
0.004183
0.004024
0.004088
0.004194
0.004149
0.004622
0.004120
0.003977
0.004107
0.004087
0.004251
0.004026
0.003772
0.004040
0.004149
0.004066
0.003998
0.004087
0.004075
0.004254
0.004143
0.004080
0.005812
0.004472
0.003519
0.003733
0.004358
0.004076
0.004434
0.004345
0.003878
0.004137
0.003294
0.004130
0.004053
0.003985
0.004159
0.004233
0.004429
0.004166
0.003344
0.003709
0.004142
0.003995
0.004055
0.004021
0.004134
0.004440
0.003452
0.003247
0.003612
0.004133
0.003830
0.004159
0.004185
0.004085
0.004437
0.003184
0.003445
0.003520
0.003958
0.004218
0.004176
0.004337
0.003990
0.003989
0.004126
0.004419
0.003504
0.003517
0.003912
0.003683
0.003996
0.003968
0.003553
0.003963
0.003960
0.003924
0.004747
0.004247
0.004278
0.004199
0.004160
0.004224
0.004135
0.004060
0.004757
0.004101
0.003947
0.004007
0.004268
0.003795
0.004089
0.004182
0.004122
0.004378
0.004333
0.004040
0.003184
0.003319
0.003715
0.004073
0.004357
0.004196
0.003447
0.002723
0.004410
0.003057
0.003023
0.003379
0.004158
0.004077
0.004240
0.003985
0.004121
0.004376
0.003382
0.003377
0.004316
0.004040
0.004270
0.004143
0.004247
0.004214
0.004519
0.003455
0.002984
0.003924
0.006589
0.006111
0.004019
0.004362
0.003523
0.003409
0.003700
0.003666
0.004125
0.004358
0.004138
0.007674
0.003254
0.003497
0.003525
0.004109
0.004261
0.004028
0.004135
0.004258
0.004181
0.003954
0.004187
0.004019
0.004194
0.004149
0.003942
0.004288
0.004098
0.004060
0.004666
0.004074
0.004250
0.003923
0.004108
0.004066
0.004029
0.004096
0.004360
0.004155
0.004756
0.003480
0.003792
0.004320
0.004102
0.004268
0.004154
0.004396
0.004330
0.003256
0.003717
0.004117
0.003998
0.004117
0.004104
0.004037
0.004204
0.003452
0.003192
0.003996
0.004169
0.003971
0.004271
0.004176
0.003909
0.004750
0.003481
0.003351
0.003844
0.004377
0.004066
0.004117
0.004089
0.004443
0.003631
0.003307
0.003499
0.004173
0.003980
0.004286
0.003962
0.004299
0.004389
0.004239
0.004122
0.004067
0.004099
0.004366
