0.004208
0.003940
0.003930
0.004052
0.003729
0.003151
0.004363
0.004013
0.003900
0.004007
0.003932
0.003902
0.003707
0.003905
0.003897
0.004366
0.003875
0.003312
0.003648
0.003959
0.003953
0.003945
0.003898
0.004037
0.004155
0.004017
0.002998
0.004033
0.004174
0.004073
0.004117
0.004140
0.004073
0.003998
0.004556
0.004134
0.003590
0.004087
0.004331
0.004023
0.003890
0.004033
0.003952
0.004223
0.003890
0.003998
0.004039
0.003907
0.003916
0.004013
0.003919
0.004107
0.003905
0.003459
0.003768
0.003781
0.003865
0.003814
0.004307
0.004268
0.004031
0.003849
0.003996
0.003793
0.003955
0.003759
0.003820
0.003981
0.003978
0.004033
0.004362
0.004011
0.003965
0.003995
0.004084
0.004168
0.004002
0.003814
0.004116
0.003998
0.003861
0.003175
0.003739
0.003879
0.003864
0.004330
0.004007
0.003873
0.003865
0.003877
0.003947
0.003965
0.004119
0.003964
0.004060
0.003969
0.003855
0.003938
0.004062
0.003785
0.003882
0.003828
0.003732
0.003804
0.003810
0.003853
0.003990
0.004330
0.003888
0.003844
0.003881
0.003543
0.003845
0.003790
0.004021
0.003883
0.004158
0.003887
0.003987
0.003949
0.004019
0.003908
0.003894
0.003870
0.003662
0.003917
0.003917
0.003798
0.003907
0.003899
0.004631
0.004027
0.003757
0.003783
0.003787
0.003847
0.004165
0.003552
0.003912
0.003800
0.003734
0.003898
0.003845
0.003930
0.004073
0.004054
0.003242
0.003720
0.004034
0.003841
0.003919
0.004157
0.003984
0.003936
0.003817
0.003988
0.002998
0.002907
0.002950
0.002921
0.002906
0.002895
0.003606
0.003341
0.003203
0.003454
0.003355
0.003372
0.003585
0.003671
0.003596
0.003601
0.004002
0.004413
0.003929
0.003898
0.003944
0.003717
0.003958
0.003721
0.003577
0.004051
0.003763
0.004048
0.004088
0.003919
0.004174
0.003807
0.003802
0.003839
0.003688
0.003303
0.003843
0.004135
0.003829
0.003913
0.004164
0.004057
0.004115
0.004140
0.003921
0.004236
0.003853
0.003861
0.003975
0.004203
0.004005
0.003762
0.003849
0.004280
0.004029
0.004039
0.003412
0.004067
0.003946
0.003954
0.003845
0.003920
0.003828
0.003845
0.003758
0.004032
0.003954
0.003865
0.004036
0.003966
0.003828
0.003951
0.004008
0.004027
0.004142
0.003978
0.004090
0.004352
0.003239
0.004144
0.003814
0.004064
0.003847
0.004284
0.004289
0.003790
0.003823
0.003736
0.004233
0.004101
0.004021
0.004344
0.003992
0.003785
0.003778
0.004037
0.004043
0.004279
0.003970
0.003943
0.003395
0.003671
0.004056
0.003872
0.004020
0.003899
0.003925
0.004015
0.004019
0.004011
0.003991
0.004033
0.003902
0.004163
0.004280
0.003694
0.004093
0.004041
0.004067
0.004124
0.003999
0.004105
0.004197
0.003880
0.004023
0.003990
0.003821
0.003925
0.004352
0.003977
0.003706
0.003783
0.003983
0.004383
0.004143
0.004094
0.004000
0.003897
0.003869
0.003891
0.004316
0.003965
0.003708
0.004036
0.004012
0.004003
0.003926
0.004027
0.003886
0.003880
0.003683
0.004148
0.004115
0.003934
0.003978
0.003927
0.003912
0.004040
0.003957
0.003551
0.003957
0.003951
0.003938
0.003992
0.003912
0.002695
0.003257
0.003545
0.004033
0.003974
0.003991
0.003804
0.003878
0.003850
0.003983
0.004146
0.004067
0.003833
0.003864
0.003806
0.003716
0.003802
0.003932
0.003670
0.004049
0.003873
0.003838
0.004141
0.003977
0.003872
0.003895
0.003858
0.003849
0.003911
0.003953
0.003675
0.003976
0.004018
0.003786
0.003939
0.003722
0.004039
0.004028
0.003976
0.004331
0.003961
0.004090
0.003678
0.003981
0.004041
0.004058
0.003934
0.004114
0.003849
0.003926
0.003913
0.004094
0.004098
0.004131
0.003981
0.004284
0.004372
0.004047
0.003963
0.003783
0.003855
0.003846
0.003673
0.003965
0.004000
0.004102
0.003834
0.003421
0.003829
0.004368
0.003718
0.004093
0.004031
0.003997
0.003993
0.003895
0.003880
0.004040
0.003960
0.003957
0.004028
0.003937
0.004272
0.004061
0.003880
0.003920
0.003901
0.003555
0.003979
0.003635
0.003757
0.003827
0.004010
0.003868
0.003987
0.004145
0.004073
0.003947
0.003857
0.003978
0.003718
0.003835
0.004014
0.003865
0.003842
0.003831
0.003763
0.003847
0.004016
0.003981
0.004095
0.003832
0.003905
0.003894
0.004113
0.004236
0.004003
0.003894
0.003154
0.004059
0.003941
0.003897
0.003957
0.003878
0.003797
0.003968
0.003914
0.003943
0.003918
0.004015
0.004050
0.004099
0.003901
0.004043
0.003807
0.003780
0.003819
0.003775
0.004048
0.003866
0.003867
0.003740
0.003865
0.003840
0.003969
0.004017
0.003782
0.003829
0.003983
0.004014
0.003848
0.003634
0.003858
0.004051
0.003892
0.003143
0.003957
0.003875
0.003989
0.004054
0.004041
0.004008
0.003992
0.003978
0.003903
0.003901
0.004289
0.004338
0.003891
0.003619
0.003797
0.003865
0.004035
0.003935
0.003911
0.003849
0.003883
0.003842
0.004276
