0.004640
0.004241
0.004352
0.004376
0.004182
0.004281
0.004321
0.004363
0.004524
0.004495
0.004499
0.004081
0.004344
0.004358
0.004075
0.004482
0.004385
0.004283
0.004254
0.004388
0.004365
0.004231
0.004312
0.004275
0.004197
0.004380
0.004485
0.004291
0.004292
0.004197
0.004366
0.004445
0.004188
0.004317
0.004401
0.004441
0.004415
0.004276
0.004405
0.004332
0.004270
0.004430
0.004294
0.004390
0.004179
0.004430
0.004391
0.004171
0.004113
0.004515
0.004230
0.004264
0.004488
0.004229
0.004060
0.004413
0.004367
0.004289
0.004275
0.004319
0.004448
0.004532
0.004704
0.004432
0.004415
0.004406
0.004407
0.004462
0.004138
0.004447
0.004276
0.004238
0.004444
0.004476
0.004007
0.004246
0.004359
0.003666
0.004393
0.004282
0.004556
0.004118
0.004203
0.004533
0.004556
0.004260
0.004200
0.004419
0.004165
0.004286
0.003955
0.004588
0.004407
0.004520
0.004079
0.004450
0.004473
0.004424
0.004381
0.004365
0.004502
0.004237
0.004509
0.004555
0.004331
0.004186
0.004320
0.004460
0.004356
0.004427
0.004429
0.004446
0.004158
0.004379
0.004521
0.004155
0.004296
0.004470
0.004168
0.004496
0.004350
0.004211
0.004107
0.004480
0.004441
0.004443
0.004242
0.004158
0.004446
0.004278
0.004310
0.004461
0.004333
0.004348
0.004568
0.004289
0.004317
0.004374
0.004368
0.004316
0.004227
0.004285
0.004045
0.004489
0.004439
0.004345
0.004270
0.004547
0.004476
0.004500
0.004427
0.004405
0.004300
0.004051
0.004156
0.004183
0.004062
0.004257
0.004347
0.004265
0.004225
0.004536
0.004271
0.004431
0.004459
0.004507
0.004381
0.004413
0.004464
0.004436
0.004276
0.004241
0.004191
0.004406
0.004187
0.004458
0.004446
0.004267
0.004398
0.004375
0.004498
0.004237
0.003970
0.004268
0.004133
0.004121
0.004437
0.004228
0.004141
0.004201
0.004281
0.004085
0.004236
0.004416
0.004229
0.004368
0.004259
0.004372
0.004452
0.004350
0.004449
0.004335
0.004236
0.004239
0.004219
0.004264
0.004484
0.004217
0.004433
0.004564
0.004446
0.004391
0.004403
0.004163
0.004376
0.004448
0.004406
0.004442
0.004225
0.004414
0.004253
0.004632
0.004281
0.003803
0.004388
0.004395
0.004309
0.004250
0.004357
0.004303
0.004236
0.004340
0.004454
0.004388
0.004076
0.004432
0.004478
0.004270
0.004268
0.004393
0.004487
0.004435
0.004197
0.004169
0.004382
0.003401
0.003414
0.004094
0.004158
0.004235
0.004592
0.004450
0.004321
0.004228
0.004362
0.004366
0.004413
0.004529
0.004281
0.004121
0.004334
0.004374
0.004450
0.004084
0.004144
0.004449
0.004201
0.004394
0.004269
0.004031
0.004484
0.004417
0.004471
0.004355
0.004033
0.004297
0.004173
0.003562
0.003662
0.003272
0.003412
0.003604
0.003547
0.003331
0.003618
0.004276
0.003957
0.004036
0.004026
0.004372
0.004446
0.004209
0.004385
0.004198
0.004237
0.004495
0.004091
0.004432
0.004206
0.004324
0.004413
0.004477
0.004268
0.004291
0.004449
0.004462
0.004402
0.004460
0.004411
0.004482
0.004411
0.004328
0.004154
0.004101
0.004486
0.004013
0.004419
0.004401
0.004364
0.004533
0.004445
0.004242
0.004147
0.004402
0.004573
0.004296
0.004105
0.004194
0.004417
0.004516
0.004259
0.004428
0.004354
0.004393
0.004218
0.004327
0.004293
0.004076
0.004344
0.004354
0.004134
0.004472
0.003980
0.004342
0.004123
0.004369
0.004136
0.004330
0.004479
0.004160
0.004529
0.004474
0.004224
0.004063
0.004453
0.004554
0.004460
0.004389
0.004420
0.004053
0.004266
0.004427
0.004401
0.004269
0.004576
0.004439
0.004424
0.004661
0.004542
0.004410
0.004461
0.004252
0.004466
0.004214
0.004146
0.004364
0.004517
0.004473
0.004469
0.004576
0.004511
0.004346
0.004293
0.004172
0.004486
0.004279
0.004245
0.004403
0.004518
0.004457
0.004202
0.004254
0.004467
0.004298
0.004386
0.004445
0.004402
0.004141
0.004392
0.004578
0.004282
0.004256
0.004453
0.004290
0.004495
0.004312
0.004312
0.004320
0.004443
0.004223
0.004485
0.004491
0.004220
0.004477
0.004130
0.004230
0.004398
0.004353
0.004364
0.004479
0.003498
0.004236
0.004523
0.004392
0.004679
0.004250
0.004510
0.004432
0.004459
0.004411
0.004404
0.004234
0.004556
0.004374
0.004345
0.004330
0.004432
0.004403
0.004361
0.004466
0.004193
0.004111
0.004173
0.004371
0.004643
0.004291
0.004425
0.004083
0.004391
0.004426
0.004426
0.004410
0.004264
0.004402
0.004453
0.004332
0.004269
0.004253
0.004296
0.004270
0.004332
0.004457
0.004323
0.004386
0.004400
0.004359
0.003917
0.004474
0.004437
0.004221
0.004341
0.004441
0.004140
0.004352
0.004373
0.004374
0.004655
0.004314
0.004221
0.004098
0.004277
0.004183
0.004525
0.004309
0.004136
0.004273
0.004283
0.004206
0.004385
0.004282
0.004276
0.002915
0.004120
0.004387
0.004455
0.004529
0.004278
0.004149
0.004472
0.004416
