0.003616
0.004028
0.004049
0.003857
0.003895
0.003029
0.003334
0.002800
0.002783
0.003161
0.003712
0.003726
0.003750
0.003812
0.004534
0.004022
0.003231
0.003229
0.003789
0.003790
0.003207
0.003776
0.003956
0.004116
0.003364
0.003283
0.003602
0.004004
0.003934
0.003793
0.003883
0.004226
0.004408
0.002472
0.003316
0.004127
0.003690
0.003862
0.003806
0.003938
0.003921
0.004159
0.003407
0.003015
0.003172
0.003949
0.003884
0.003971
0.003969
0.003635
0.004236
0.003375
0.003172
0.004381
0.004140
0.003939
0.004037
0.003914
0.003818
0.004436
0.003331
0.003249
0.003728
0.004109
0.004078
0.003937
0.003912
0.003911
0.003386
0.003347
0.003218
0.003307
0.003931
0.003689
0.003874
0.003706
0.004046
0.003957
0.003157
0.003395
0.003964
0.003923
0.003989
0.003928
0.004259
0.003685
0.004305
0.003379
0.003226
0.003323
0.003841
0.004014
0.003879
0.003974
0.004037
0.004441
0.003385
0.003393
0.003763
0.004008
0.003133
0.003199
0.003548
0.003699
0.003195
0.002986
0.003405
0.003215
0.003946
0.004016
0.003859
0.003725
0.004101
0.004497
0.003417
0.003193
0.004522
0.003943
0.004058
0.003840
0.004061
0.004004
0.004319
0.004226
0.003368
0.003300
0.003996
0.004054
0.003945
0.003992
0.003860
0.004320
0.003273
0.003179
0.003085
0.003905
0.004152
0.003875
0.004071
0.003909
0.004197
0.003309
0.003183
0.003605
0.003582
0.003054
0.003310
0.002714
0.003456
0.002842
0.003364
0.002411
0.002353
0.002636
0.003585
0.003471
0.003641
0.003436
0.004137
0.003881
0.004232
0.004155
0.003319
0.003713
0.003660
0.003908
0.004025
0.004015
0.003884
0.004120
0.003315
0.003182
0.003203
0.003949
0.004388
0.003985
0.003268
0.003834
0.003285
0.002917
0.003245
0.002986
0.003305
0.003843
0.003745
0.003975
0.003840
0.003356
0.003928
0.003457
0.003631
0.003527
0.003993
0.003905
0.003564
0.003675
0.003912
0.003429
0.003758
0.003941
0.004016
0.003911
0.004285
0.003261
0.004000
0.004318
0.003304
0.003031
0.003483
0.003809
0.003779
0.003951
0.003896
0.003942
0.003757
0.003633
0.004144
0.003459
0.003179
0.003376
0.003893
0.003922
0.004318
0.003899
0.003826
0.004206
0.003176
0.003090
0.003658
0.003363
0.004091
0.004029
0.003834
0.003897
0.004285
0.003307
0.003232
0.003293
0.004034
0.004071
0.003438
0.003502
0.003718
0.004251
0.003373
0.003386
0.003493
0.003907
0.004236
0.004039
0.003907
0.004021
0.004027
0.003095
0.003380
0.003098
0.004269
0.004058
0.003210
0.003787
0.004042
0.004365
0.003358
0.003412
0.003003
0.004115
0.003893
0.004007
0.003682
0.003863
0.004369
0.003030
0.003405
0.003873
0.004227
0.004360
0.004073
0.003180
0.003326
0.004386
0.003396
0.003381
0.003808
0.004193
0.003920
0.003876
0.003758
0.004372
0.004208
0.003106
0.003387
0.003931
0.004083
0.004109
0.003879
0.004331
0.004415
0.004258
0.003234
0.003444
0.003296
0.003951
0.003981
0.004072
0.004012
0.004306
0.003323
0.003190
0.003812
0.003736
0.003463
0.003970
0.004050
0.004031
0.004441
0.003443
0.003269
0.002955
0.002929
0.003245
0.003757
0.003697
0.003884
0.003019
0.002554
0.002330
0.002991
0.003392
0.003587
0.003933
0.003698
0.002841
0.003412
0.002434
0.003418
0.003478
0.003679
0.003718
0.003975
0.003586
0.003059
0.003821
0.003186
0.003351
0.003903
0.003895
0.007989
0.003190
0.003265
0.003499
0.003436
0.003878
0.003806
0.003795
0.003636
0.003451
0.003349
0.003002
0.003107
0.003602
0.004068
0.003970
0.004184
0.003989
0.004292
0.002933
0.003153
0.002636
0.003529
0.003479
0.003276
0.003429
0.003285
0.003233
0.003016
0.003205
0.004102
0.003441
0.003764
0.003808
0.004048
0.003160
0.003421
0.003353
0.004016
0.003955
0.003584
0.003989
0.004280
0.003387
0.003381
0.002897
0.003306
0.004057
0.004030
0.003974
0.003881
0.004170
0.004155
0.004197
0.004272
0.002988
0.003320
0.004303
0.003911
0.003903
0.003932
0.004231
0.003362
0.002766
0.003408
0.003914
0.004080
0.004038
0.003500
0.004083
0.004202
0.003606
0.003167
0.003271
0.003978
0.003420
0.003432
0.003321
0.004277
0.003628
0.002953
0.003107
0.003774
0.003625
0.003996
0.003914
0.003853
0.004208
0.003365
0.003412
0.003733
0.003940
0.003742
0.003835
0.003977
0.003964
0.007636
0.003079
0.003087
0.003172
0.003682
0.003664
0.003781
0.003874
0.003905
0.009071
0.003157
0.003232
0.003711
0.004136
0.003494
0.003850
0.003738
0.003969
0.004370
0.003300
0.003145
0.003214
0.004111
0.003830
0.003782
0.003819
0.003939
0.003885
0.003240
0.003330
0.003560
0.004218
0.004383
0.003400
0.003509
0.003857
0.004069
0.002861
0.002998
0.003508
0.004046
0.003983
0.004443
0.003125
0.003461
0.003772
0.003081
0.003158
0.003559
0.004086
0.003954
0.004103
0.004088
0.003305
0.003935
0.003033
0.003338
0.003520
