0.004295
0.004169
0.004053
0.004091
0.004207
0.004266
0.004575
0.004293
0.004383
0.004310
0.004275
0.004328
0.004350
0.004195
0.004073
0.004239
0.004143
0.004300
0.003973
0.004163
0.004201
0.004155
0.004126
0.004444
0.004160
0.004098
0.004096
0.004133
0.004100
0.003430
0.004492
0.004049
0.003903
0.003319
0.004255
0.004228
0.003993
0.004129
0.004227
0.004255
0.004202
0.004894
0.004270
0.004143
0.004289
0.004740
0.004240
0.004179
0.004114
0.003773
0.004554
0.003681
0.004158
0.003971
0.004332
0.005867
0.004191
0.003853
0.004293
0.004428
0.004071
0.004290
0.004274
0.004038
0.004229
0.004262
0.004156
0.004249
0.004236
0.004188
0.004240
0.004350
0.004014
0.004244
0.004003
0.004260
0.004151
0.004326
0.004414
0.003936
0.004198
0.004127
0.005453
0.005411
0.005974
0.006250
0.005800
0.004636
0.004871
0.005889
0.006068
0.006088
0.005813
0.007023
0.006968
0.007340
0.007811
0.007246
0.007781
0.007652
0.008083
0.006677
0.005323
0.006284
0.006435
0.005573
0.004824
0.005005
0.006101
0.006208
0.006079
0.007659
0.007399
0.007236
0.008075
0.007787
0.007954
0.008843
0.008319
0.009056
0.009391
0.006865
0.007227
0.008060
0.008236
0.008087
0.007864
0.008282
0.008255
0.007224
0.007486
0.007930
0.007945
0.008283
0.007925
0.008576
0.007180
0.007067
0.007421
0.007333
0.006512
0.006361
0.006636
0.006910
0.007046
0.007642
0.007532
0.007762
0.007794
0.008155
0.008208
0.008514
0.009071
0.008258
0.009028
0.007113
0.007470
0.007604
0.008030
0.007934
0.007989
0.008565
0.008568
0.007623
0.007225
0.006787
0.007587
0.007796
0.008253
0.007045
0.008245
0.008644
0.008689
0.008743
0.008936
0.008895
0.009302
0.009514
0.007336
0.007960
0.008023
0.008774
0.006886
0.007133
0.007534
0.007792
0.008151
0.008328
0.008281
0.008349
0.008461
0.009339
0.009534
0.007613
0.007682
0.007816
0.008610
0.008122
0.007959
0.008552
0.008828
0.007861
0.008749
0.008969
0.003812
0.004259
0.004316
0.004495
0.006107
0.006639
0.006766
0.004162
0.006261
0.005293
0.006265
0.006452
0.006814
0.006866
0.006988
0.007598
0.007713
0.007911
0.007966
0.007596
0.008366
0.008539
0.008664
0.008967
0.008877
0.007477
0.007775
0.008014
0.008406
0.008210
0.008148
0.007398
0.006048
0.005536
0.006019
0.006408
0.006670
0.006636
0.006640
0.007083
0.007160
0.007496
0.007779
0.007688
0.008104
0.008400
0.007994
0.007598
0.007256
0.007497
0.007510
0.008294
0.006546
0.007320
0.007609
0.006218
0.006817
0.006584
0.007065
0.007280
0.007487
0.006548
0.007716
0.007964
0.008398
0.008774
0.008688
0.008810
0.008636
0.005772
0.006975
0.005564
0.004800
0.005163
0.005768
0.006380
0.005542
0.006775
0.005848
0.004446
0.006375
0.006018
0.005486
0.004688
0.005433
0.004171
0.004714
0.005148
0.004224
0.004715
0.005804
0.006005
0.006406
0.004911
0.006256
0.003881
0.005898
0.005595
0.005180
0.005017
0.004986
0.006489
0.006682
0.006311
0.005288
0.005609
0.005547
0.004596
0.005869
0.005979
0.006596
0.006578
0.007732
0.006509
0.007646
0.007866
0.005181
0.008108
0.008403
0.008773
0.008849
0.009124
0.009307
0.009325
0.009342
0.007610
0.007264
0.007585
0.005970
0.006814
0.006880
0.007108
0.007495
0.006688
0.004381
0.005864
0.005892
0.005257
0.005095
0.005736
0.006222
0.005906
0.006450
0.006463
0.007140
0.007050
0.007130
0.006404
0.005199
0.005956
0.005515
0.006190
0.006195
0.005686
0.006515
0.005567
0.004816
0.005136
0.005990
0.005982
0.006263
0.006634
0.006779
0.007074
0.006965
0.007557
0.007564
0.007807
0.008074
0.008381
0.008539
0.007627
0.006486
0.005755
0.005762
0.005837
0.006319
0.006498
0.006704
0.006809
0.007133
0.006589
0.007802
0.004150
0.004231
0.004317
0.004164
0.004241
0.004287
0.004385
0.004012
0.003931
0.004209
0.003911
0.004110
0.004132
0.004280
0.004308
0.004277
0.004178
0.004220
0.004224
0.003988
0.004299
0.004322
0.004220
0.004309
0.004148
0.004165
0.004168
0.004192
0.003940
0.004196
0.004151
0.004146
0.004217
0.004293
0.003945
0.004312
0.004237
0.004269
0.003985
0.004166
0.004329
0.004301
0.004225
0.004342
0.004169
0.004285
0.004263
0.004102
0.004193
0.004187
0.004253
0.004144
0.004257
0.004021
0.004156
0.003409
0.004287
0.004106
0.004221
0.004186
0.004072
0.004016
0.004440
0.004066
0.004091
0.004296
0.004182
0.004167
0.004224
0.004104
0.003646
0.004593
0.004188
0.004645
0.003858
0.004265
0.004183
0.003848
0.004181
0.004071
0.004064
0.004108
0.004151
0.004095
0.004161
0.004218
0.004275
0.004115
0.004150
0.004116
0.004239
0.004218
0.004229
0.003884
0.004108
0.004160
0.004180
0.004183
0.004110
0.004268
0.004414
0.003866
0.004134
0.004290
0.004173
0.004109
0.004219
0.004155
0.004396
0.004163
0.004488
0.004096
0.004055
