0.004188
0.004235
0.004082
0.004198
0.004215
0.004312
0.004701
0.004824
0.004400
0.007980
0.004224
0.003649
0.003476
0.003601
0.004371
0.004284
0.004866
0.004383
0.004882
0.003384
0.003152
0.003564
0.004263
0.004380
0.004240
0.004292
0.004299
0.004299
0.003286
0.003215
0.003452
0.004259
0.004224
0.004205
0.004446
0.004400
0.004170
0.004877
0.005057
0.003591
0.003150
0.003650
0.004055
0.004391
0.004292
0.004363
0.004879
0.004278
0.004560
0.004331
0.004100
0.004148
0.004238
0.004091
0.004952
0.004091
0.004238
0.004329
0.004291
0.005181
0.004357
0.004279
0.003988
0.004255
0.004153
0.004361
0.004366
0.004313
0.003448
0.003305
0.003916
0.004315
0.004374
0.004190
0.005018
0.004548
0.004450
0.002892
0.003034
0.003792
0.004366
0.004284
0.004005
0.004212
0.004269
0.003435
0.003399
0.003419
0.004347
0.004287
0.003789
0.004011
0.003715
0.004449
0.003680
0.003397
0.003869
0.004339
0.004353
0.004030
0.004218
0.006411
0.004770
0.002740
0.003447
0.003890
0.004227
0.004300
0.004008
0.004287
0.004685
0.003909
0.003490
0.003353
0.004406
0.004387
0.004734
0.004427
0.004307
0.005418
0.003639
0.003673
0.004018
0.004920
0.004149
0.004310
0.003953
0.007109
0.004758
0.003000
0.003277
0.003841
0.004253
0.004271
0.004363
0.004172
0.004367
0.003283
0.003150
0.003399
0.003983
0.004268
0.004240
0.004931
0.004479
0.004331
0.003906
0.003485
0.003542
0.004346
0.004333
0.004291
0.004068
0.004718
0.003155
0.003459
0.004253
0.004409
0.004299
0.004994
0.004198
0.004419
0.004605
0.003606
0.003678
0.004203
0.004221
0.004954
0.004134
0.004256
0.008353
0.003297
0.003373
0.003661
0.004289
0.004304
0.004150
0.004576
0.004161
0.004936
0.004034
0.003570
0.003437
0.004297
0.004140
0.003958
0.004827
0.004398
0.004653
0.003669
0.003144
0.003521
0.004125
0.004341
0.003031
0.004474
0.004092
0.004606
0.003676
0.003333
0.003316
0.003813
0.004024
0.004181
0.004506
0.004131
0.004815
0.003378
0.003267
0.004211
0.003809
0.004263
0.004151
0.004188
0.005072
0.003490
0.003504
0.003958
0.004237
0.004354
0.004131
0.004408
0.004524
0.003451
0.003412
0.002963
0.004208
0.004190
0.004308
0.004349
0.004203
0.005172
0.003390
0.003319
0.003698
0.004275
0.004797
0.004219
0.004453
0.004496
0.004859
0.003488
0.003325
0.004132
0.005054
0.004098
0.004252
0.004350
0.004392
0.003283
0.002849
0.003795
0.004049
0.004288
0.004111
0.004195
0.005453
0.003681
0.003322
0.003376
0.004370
0.004273
0.003854
0.004216
0.004243
0.004428
0.003090
0.003255
0.003386
0.004389
0.004231
0.004276
0.004174
0.004315
0.004955
0.003284
0.003113
0.003750
0.004291
0.004843
0.004138
0.004481
0.004237
0.004988
0.003301
0.003257
0.003545
0.005003
0.004769
0.005032
0.004202
0.004053
0.004478
0.003501
0.003344
0.003876
0.004899
0.004459
0.004004
0.004381
0.004585
0.003387
0.003507
0.003571
0.004554
0.004148
0.004166
0.004133
0.004382
0.004674
0.005276
0.003588
0.003653
0.004056
0.004505
0.004277
0.004164
0.004167
0.004857
0.003645
0.003474
0.003564
0.004282
0.004226
0.004184
0.004231
0.004634
0.004550
0.003517
0.003572
0.003413
0.004195
0.004178
0.004419
0.004095
0.004108
0.004853
0.003578
0.003406
0.003978
0.004198
0.004149
0.004802
0.004282
0.004659
0.003340
0.003520
0.003369
0.003749
0.003898
0.004244
0.003915
0.003755
0.003680
0.004416
0.005152
0.003324
0.003430
0.004558
0.004114
0.003769
0.004255
0.004126
0.004303
0.004210
0.004175
0.004427
0.004226
0.004336
0.004206
0.004047
0.004241
0.004332
0.004262
0.004316
0.004467
0.004331
0.004300
0.004112
0.004321
0.004304
0.004184
0.004254
0.004251
0.004654
0.003293
0.003654
0.003939
0.004177
0.004328
0.004106
0.004343
0.004315
0.004690
0.003480
0.003568
0.003667
0.005096
0.004426
0.004497
0.004180
0.003774
0.004545
0.003363
0.003433
0.003999
0.004127
0.004475
0.004956
0.004146
0.004963
0.004071
0.003365
0.003539
0.003992
0.004060
0.004269
0.004168
0.004244
0.005066
0.005067
0.003450
0.003456
0.003982
0.004215
0.004191
0.004259
0.004405
0.004387
0.003422
0.003299
0.004822
0.004331
0.004143
0.004228
0.004182
0.004366
0.004734
0.003542
0.003323
0.004597
0.004336
0.004279
0.005025
0.004310
0.004887
0.003506
0.003283
0.003426
0.004180
0.004116
0.004756
0.004421
0.009401
0.003477
0.003543
0.003402
0.004343
0.004259
0.004161
0.004221
0.003986
0.004689
0.003405
0.003181
0.003409
0.004293
0.004558
0.004257
0.004223
0.004291
0.005149
0.003191
0.003671
0.004081
0.004392
0.004234
0.004379
0.004339
0.004645
0.004538
0.003349
0.003609
0.004430
0.004385
0.004226
0.004369
0.004071
0.004225
0.004051
0.004299
0.003526
0.003395
0.003781
0.004096
0.004190
0.004105
0.005086
0.004434
0.003414
