0.004162
0.004182
0.004050
0.003933
0.004005
0.004012
0.003876
0.003809
0.003999
0.004079
0.004051
0.003984
0.004043
0.003867
0.003874
0.003518
0.003843
0.004297
0.003943
0.003799
0.004094
0.003868
0.004169
0.004033
0.003841
0.004115
0.004201
0.003792
0.003761
0.003892
0.002963
0.003524
0.004061
0.003956
0.004006
0.004265
0.003927
0.003606
0.003824
0.003929
0.003940
0.004133
0.004138
0.004184
0.004139
0.003869
0.003811
0.002257
0.003446
0.004017
0.004087
0.003683
0.004095
0.004032
0.003925
0.003950
0.004022
0.003868
0.003990
0.004374
0.004153
0.004029
0.003887
0.004140
0.003918
0.003906
0.004026
0.004091
0.004021
0.003911
0.003755
0.003957
0.004818
0.004130
0.004059
0.004135
0.004228
0.004203
0.004096
0.003720
0.004110
0.003220
0.003424
0.003290
0.004142
0.004066
0.003771
0.004023
0.004103
0.004131
0.003902
0.004059
0.004080
0.003821
0.003741
0.004066
0.003917
0.003991
0.004088
0.004074
0.003897
0.004196
0.003456
0.002886
0.002847
0.003399
0.003430
0.002922
0.002861
0.003300
0.002858
0.003397
0.003665
0.003130
0.002843
0.002803
0.002835
0.003112
0.002850
0.003359
0.003458
0.003035
0.002818
0.002936
0.003073
0.003557
0.002983
0.003276
0.003091
0.004015
0.003710
0.003518
0.003285
0.002926
0.002916
0.003235
0.003136
0.002795
0.002922
0.003132
0.002972
0.002992
0.003002
0.003082
0.003351
0.003336
0.003953
0.003521
0.003569
0.004702
0.004298
0.003374
0.003852
0.003739
0.004164
0.004162
0.004198
0.004164
0.004251
0.003842
0.004098
0.004256
0.004048
0.004037
0.004248
0.003502
0.004075
0.004254
0.004053
0.004217
0.004289
0.003433
0.004393
0.004082
0.004089
0.004036
0.004274
0.003713
0.003478
0.004090
0.003783
0.003459
0.004133
0.004074
0.003981
0.003734
0.003925
0.003287
0.003919
0.003883
0.003586
0.003708
0.003909
0.003923
0.003762
0.003535
0.003867
0.004280
0.003773
0.003636
0.003891
0.004033
0.003768
0.003984
0.003851
0.003893
0.003822
0.004089
0.004509
0.003947
0.004270
0.004106
0.003842
0.003881
0.004083
0.004183
0.003794
0.003992
0.003706
0.003418
0.003967
0.003815
0.003470
0.003762
0.003363
0.003046
0.003135
0.002310
0.003325
0.003234
0.003139
0.003040
0.002949
0.003018
0.002937
0.004085
0.003582
0.004262
0.004106
0.004165
0.003633
0.003877
0.003632
0.003686
0.004159
0.003924
0.003987
0.004163
0.004016
0.003805
0.003591
0.004058
0.004089
0.004151
0.004049
0.004100
0.004355
0.003905
0.004037
0.003507
0.004134
0.003578
0.003523
0.004341
0.003656
0.003723
0.003941
0.003527
0.003840
0.003808
0.003728
0.004128
0.003987
0.004001
0.003962
0.004158
0.004239
0.004065
0.004095
0.004180
0.003857
0.003885
0.003400
0.004223
0.003906
0.003811
0.003947
0.004102
0.004111
0.004040
0.004085
0.004108
0.004059
0.003522
0.003968
0.004186
0.004154
0.004042
0.004341
0.003986
0.004087
0.004129
0.003636
0.003947
0.004116
0.004118
0.004175
0.004243
0.004161
0.003428
0.004129
0.004013
0.003665
0.003660
0.004185
0.004078
0.003684
0.003502
0.004115
0.003971
0.004161
0.004040
0.004016
0.003997
0.004217
0.004039
0.004119
0.004059
0.003651
0.003633
0.004410
0.003937
0.003549
0.003962
0.003946
0.004172
0.003592
0.004156
0.004392
0.003468
0.003692
0.003927
0.004059
0.004308
0.003933
0.004401
0.004022
0.004031
0.003827
0.003625
0.004164
0.004034
0.004130
0.004062
0.003952
0.004313
0.004057
0.003695
0.003066
0.003505
0.003654
0.003981
0.004142
0.003823
0.004042
0.003830
0.004018
0.003935
0.004084
0.003987
0.003947
0.003714
0.003733
0.003848
0.004018
0.004185
0.004092
0.004280
0.004069
0.003372
0.003836
0.004016
0.003725
0.004005
0.004189
0.003891
0.004112
0.003965
0.004071
0.003549
0.003523
0.004162
0.004146
0.004084
0.004261
0.004075
0.004152
0.003829
0.003519
0.003132
0.003890
0.003883
0.004033
0.004290
0.004135
0.003947
0.003633
0.004562
0.004003
0.003983
0.004145
0.004098
0.003953
0.004596
0.003735
0.004177
0.004088
0.004346
0.004117
0.004392
0.004338
0.003777
0.004549
0.003754
0.004120
0.004035
0.004040
0.003929
0.004186
0.003617
0.003356
0.004044
0.004411
0.004419
0.003923
0.004157
0.004065
0.003987
0.004035
0.003975
0.003969
0.004213
0.003837
0.003498
0.004175
0.004070
0.003733
0.004270
0.004257
0.004091
0.004039
0.003941
0.003991
0.003592
0.003512
0.004185
0.004129
0.004153
0.004135
0.004044
0.004066
0.003842
0.004316
0.003707
0.004094
0.003920
0.003656
0.004035
0.004245
0.003743
0.003570
0.004058
0.003934
0.004184
0.003921
0.004074
0.004518
0.003874
0.003462
0.004068
0.003878
0.003612
0.003929
0.003772
0.003689
0.003922
0.004036
0.004019
0.004232
0.003592
0.003523
0.003836
0.003407
0.003305
0.003192
0.003449
0.003357
0.003277
0.002889
0.003232
