0.006478
0.006869
0.005848
0.006189
0.005737
0.006069
0.006419
0.006570
0.005690
0.004027
0.004744
0.004559
0.005382
0.006047
0.005881
0.005590
0.005616
0.005884
0.006471
0.006064
0.007241
0.004522
0.004262
0.004864
0.004650
0.004669
0.007121
0.005941
0.007189
0.007042
0.004111
0.004561
0.004434
0.005022
0.006121
0.005659
0.006300
0.004876
0.004174
0.004040
0.005394
0.004811
0.005458
0.005921
0.005777
0.005784
0.005907
0.006208
0.006205
0.004766
0.004000
0.004986
0.005855
0.005954
0.006140
0.004060
0.006840
0.004422
0.004099
0.004474
0.005674
0.005436
0.005946
0.006966
0.004711
0.004523
0.004552
0.003778
0.005836
0.005457
0.005858
0.005784
0.005706
0.004373
0.004625
0.004621
0.005578
0.005795
0.004325
0.006067
0.004416
0.005590
0.006006
0.009066
0.004208
0.004339
0.004513
0.005264
0.005756
0.006251
0.005727
0.005884
0.006810
0.004770
0.004683
0.004665
0.004359
0.005641
0.005747
0.005941
0.006710
0.004478
0.004485
0.005000
0.004660
0.004417
0.006032
0.005707
0.005873
0.006416
0.005645
0.004624
0.004254
0.004273
0.005336
0.005442
0.007055
0.006106
0.009860
0.004365
0.004597
0.004535
0.004763
0.006537
0.005701
0.005956
0.004333
0.005695
0.006039
0.005917
0.006039
0.004971
0.006079
0.006197
0.005900
0.007232
0.005944
0.005745
0.006419
0.005917
0.006008
0.005941
0.005897
0.005495
0.006601
0.006128
0.007196
0.006214
0.006028
0.005992
0.006132
0.007198
0.005315
0.006021
0.006359
0.005748
0.005957
0.006111
0.005998
0.005589
0.005935
0.005647
0.006554
0.005699
0.005918
0.006117
0.005555
0.006436
0.005309
0.003112
0.005571
0.005434
0.005910
0.005778
0.006134
0.006763
0.006305
0.005603
0.005680
0.006027
0.005601
0.006109
0.006080
0.005476
0.006462
0.005675
0.005240
0.006003
0.005661
0.006065
0.006189
0.006713
0.005678
0.004040
0.006025
0.006264
0.006338
0.005874
0.005797
0.005858
0.005519
0.006076
0.005679
0.005894
0.005730
0.006065
0.006223
0.006658
0.005582
0.006681
0.005538
0.005895
0.005916
0.005715
0.005720
0.006565
0.006063
0.005444
0.005985
0.004975
0.005666
0.005828
0.005980
0.006759
0.006153
0.005727
0.006875
0.005865
0.005651
0.006672
0.006377
0.006235
0.006118
0.007103
0.005505
0.005763
0.005806
0.006217
0.006398
0.006192
0.006198
0.006043
0.005810
0.004794
0.006003
0.005663
0.005353
0.005688
0.005790
0.005645
0.005955
0.006763
0.005920
0.006856
0.005982
0.005917
0.005446
0.005791
0.006182
0.007223
0.006279
0.006271
0.005853
0.005543
0.005653
0.006161
0.006279
0.006281
0.005899
0.005793
0.006127
0.005938
0.005562
0.005662
0.006387
0.005698
0.005889
0.005814
0.005940
0.006259
0.006431
0.005947
0.005492
0.005741
0.006518
0.006113
0.006035
0.005978
0.005644
0.005837
0.005566
0.005969
0.005656
0.005108
0.006374
0.006129
0.005855
0.005782
0.006115
0.005961
0.006106
0.006114
0.005815
0.005923
0.005864
0.005506
0.006263
0.005963
0.005531
0.005707
0.007222
0.004952
0.004166
0.004412
0.005652
0.005478
0.005790
0.006063
0.005911
0.006192
0.006310
0.006813
0.005793
0.006107
0.005960
0.005838
0.005982
0.005855
0.005630
0.005887
0.005950
0.006429
0.005953
0.006927
0.004195
0.005620
0.010836
0.004484
0.004595
0.004759
0.006066
0.006118
0.007214
0.006506
0.004066
0.004667
0.004817
0.004907
0.005332
0.005652
0.005942
0.004420
0.004435
0.004827
0.004689
0.006240
0.006231
0.006031
0.005417
0.006726
0.004559
0.004407
0.005372
0.005685
0.006137
0.006319
0.006250
0.006402
0.006344
0.006126
0.007049
0.004138
0.004592
0.004406
0.004124
0.004808
0.006810
0.004603
0.004461
0.004009
0.004370
0.004404
0.005854
0.005616
0.005747
0.006155
0.006100
0.004274
0.004580
0.003954
0.004662
0.005704
0.005945
0.005894
0.005573
0.005776
0.005936
0.006776
0.003904
0.003985
0.003562
0.004091
0.003741
0.005094
0.004965
0.005211
0.005229
0.006666
0.004367
0.004414
0.003361
0.004388
0.005457
0.006119
0.006306
0.006631
0.004476
0.004409
0.004955
0.005899
0.006017
0.005587
0.006173
0.005885
0.006374
0.005976
0.006029
0.008240
0.004274
0.004296
0.004866
0.004040
0.004375
0.005568
0.006667
0.003978
0.003947
0.004394
0.003524
0.003241
0.005231
0.004972
0.005985
0.003739
0.003393
0.003712
0.003823
0.003706
0.005138
0.005553
0.005379
0.005450
0.007507
0.003901
0.004240
0.004186
0.006265
0.006364
0.005788
0.005762
0.006245
0.005971
0.005717
0.006142
0.006804
0.004606
0.004588
0.004168
0.005037
0.005918
0.005331
0.006869
0.008225
0.004381
0.004693
0.004151
0.004982
0.005634
0.005928
0.008898
0.003811
0.003226
0.004255
0.003651
0.003166
0.004993
0.005795
0.006453
0.006062
0.005387
0.005302
0.006474
0.005861
0.008459
0.003822
0.003625
0.004068
0.006231
0.005600
0.006026
