0.005262
0.005070
0.006255
0.004493
0.004606
0.005867
0.005086
0.005532
0.004780
0.004658
0.006470
0.004367
0.003868
0.003629
0.002707
0.003718
0.004587
0.004321
0.004340
0.004406
0.004537
0.004982
0.004264
0.004265
0.004552
0.004239
0.005204
0.005302
0.005189
0.004645
0.005312
0.004696
0.006766
0.005519
0.005283
0.005258
0.005487
0.005038
0.004729
0.006726
0.005176
0.006246
0.004614
0.005377
0.005013
0.005032
0.005212
0.005424
0.005158
0.005537
0.006587
0.004542
0.003796
0.004405
0.004117
0.005715
0.005477
0.005449
0.006807
0.004670
0.004628
0.004620
0.005661
0.005487
0.005424
0.005582
0.008818
0.003978
0.004213
0.005229
0.004271
0.005289
0.006850
0.005370
0.005382
0.006803
0.004505
0.004310
0.004467
0.004135
0.004632
0.005431
0.005275
0.005177
0.005330
0.006399
0.003981
0.003817
0.004636
0.005621
0.005159
0.005551
0.005392
0.005490
0.005130
0.004494
0.004585
0.003835
0.005386
0.005088
0.005460
0.004969
0.006591
0.004153
0.004265
0.004381
0.004940
0.005557
0.006629
0.006025
0.005627
0.004497
0.004634
0.004273
0.004620
0.005347
0.005375
0.005279
0.006458
0.005184
0.006497
0.003911
0.003856
0.004378
0.004735
0.005334
0.005617
0.004791
0.006049
0.003560
0.003658
0.005127
0.004280
0.004607
0.004214
0.004204
0.004149
0.006383
0.003398
0.004040
0.004531
0.003741
0.004539
0.005531
0.006378
0.005272
0.004495
0.004487
0.005690
0.005198
0.005261
0.005409
0.005453
0.007413
0.003916
0.004209
0.003819
0.003790
0.005243
0.004938
0.005326
0.005168
0.006419
0.003910
0.004010
0.004570
0.006755
0.006742
0.005268
0.005204
0.006795
0.004269
0.004536
0.004555
0.005052
0.004811
0.005122
0.005288
0.006656
0.004165
0.004735
0.004527
0.005409
0.005478
0.006655
0.004813
0.008259
0.006173
0.004337
0.004583
0.004953
0.005100
0.005397
0.006499
0.004928
0.006666
0.004236
0.004475
0.005175
0.004805
0.005083
0.005479
0.005187
0.006781
0.004523
0.004220
0.003994
0.003865
0.004886
0.005076
0.005376
0.009677
0.004575
0.004532
0.004732
0.006405
0.004961
0.005478
0.005387
0.005580
0.005460
0.005412
0.005085
0.004757
0.004841
0.004064
0.005341
0.005346
0.005335
0.004846
0.004867
0.005407
0.005501
0.005403
0.005259
0.005368
0.005390
0.006417
0.004775
0.004566
0.004158
0.005134
0.005196
0.005398
0.005222
0.005350
0.004357
0.004346
0.003876
0.005431
0.005388
0.005530
0.005173
0.006711
0.005226
0.004470
0.004592
0.005720
0.005455
0.004430
0.004764
0.006799
0.004367
0.004010
0.004084
0.005188
0.005165
0.005395
0.005347
0.008645
0.004483
0.004426
0.004410
0.004481
0.005414
0.005434
0.005307
0.004735
0.006957
0.004265
0.004627
0.004883
0.004400
0.005207
0.005065
0.005100
0.005186
0.006809
0.004129
0.004334
0.004460
0.004217
0.005522
0.004902
0.005002
0.006647
0.004557
0.004410
0.004629
0.005392
0.005184
0.005045
0.005127
0.005152
0.006596
0.004426
0.004657
0.004134
0.005594
0.005480
0.005533
0.005627
0.005450
0.004139
0.004040
0.004039
0.005308
0.005330
0.005093
0.005538
0.006675
0.004601
0.004560
0.004381
0.004569
0.004622
0.005110
0.005278
0.005942
0.006638
0.004384
0.004681
0.004757
0.005162
0.005474
0.005418
0.005187
0.006358
0.004073
0.004306
0.004390
0.004376
0.005405
0.006770
0.005040
0.004810
0.006546
0.004231
0.004593
0.003918
0.005346
0.005308
0.005346
0.005238
0.006658
0.004593
0.004243
0.004735
0.006246
0.006025
0.005166
0.005260
0.006487
0.005670
0.007482
0.005213
0.005339
0.005555
0.004943
0.004979
0.005136
0.003941
0.004468
0.005372
0.006729
0.005386
0.007691
0.006677
0.003999
0.004630
0.004773
0.004209
0.005415
0.005376
0.005475
0.006394
0.006295
0.004299
0.008363
0.003634
0.005117
0.005282
0.006503
0.005142
0.006652
0.004352
0.004441
0.004822
0.005486
0.007473
0.008055
0.006518
0.004219
0.004551
0.005107
0.005712
0.005506
0.004987
0.005262
0.006894
0.004033
0.003746
0.005333
0.004021
0.005218
0.005035
0.005545
0.006958
0.006470
0.004572
0.004657
0.004260
0.005437
0.005552
0.006625
0.006655
0.004426
0.003990
0.003951
0.005695
0.005330
0.005390
0.005345
0.011047
0.004746
0.004597
0.004461
0.006686
0.005388
0.005297
0.004671
0.006608
0.004778
0.004131
0.004532
0.004277
0.005378
0.005102
0.005175
0.005361
0.006586
0.004340
0.004458
0.004998
0.005087
0.004905
0.006951
0.005733
0.006946
0.004483
0.004432
0.004155
0.005055
0.005113
0.004914
0.005117
0.009708
0.006513
0.004505
0.004697
0.003787
0.005709
0.005536
0.005514
0.005519
0.006643
0.004817
0.005156
0.009844
0.005562
0.005504
0.005351
0.004843
0.004919
0.005153
0.005590
0.005429
0.005343
0.005435
0.006261
0.008823
0.004336
0.004570
0.003679
0.004249
0.005148
0.005620
0.005470
0.005263
0.006402
