0.005022
0.004281
0.007132
0.006883
0.006683
0.006477
0.006347
0.007039
0.006846
0.007565
0.005207
0.004843
0.005138
0.005599
0.007121
0.006771
0.007570
0.004883
0.005223
0.004370
0.006627
0.007400
0.007115
0.008322
0.004542
0.004719
0.004595
0.004346
0.007268
0.006936
0.006945
0.006571
0.006908
0.006852
0.006968
0.007092
0.004303
0.005218
0.005489
0.006907
0.006959
0.007592
0.007412
0.005936
0.004435
0.004829
0.004526
0.006296
0.007483
0.006816
0.006603
0.007013
0.006239
0.006935
0.006987
0.006296
0.006346
0.006758
0.007027
0.007101
0.006912
0.006991
0.007157
0.006893
0.006733
0.006500
0.006718
0.006422
0.006762
0.007133
0.006625
0.006962
0.006962
0.007024
0.006914
0.006817
0.006543
0.006574
0.006915
0.006535
0.007137
0.007051
0.006813
0.006482
0.006324
0.006329
0.006313
0.003870
0.006065
0.006600
0.007018
0.006976
0.007187
0.006749
0.007409
0.006438
0.006456
0.006747
0.006241
0.005927
0.006041
0.006114
0.006431
0.006848
0.006445
0.007631
0.006360
0.006598
0.006517
0.006652
0.006958
0.007096
0.006104
0.007036
0.006879
0.006934
0.007078
0.006959
0.006541
0.006916
0.006795
0.006724
0.006822
0.004442
0.006883
0.006895
0.007037
0.007089
0.007092
0.006774
0.006992
0.006975
0.007084
0.006849
0.006851
0.006875
0.006904
0.007005
0.007135
0.006705
0.006626
0.007064
0.006616
0.007017
0.007209
0.006831
0.006878
0.005886
0.006554
0.006630
0.007003
0.006650
0.007245
0.006644
0.006543
0.006747
0.006575
0.006856
0.006749
0.004732
0.004715
0.006993
0.006961
0.006647
0.006703
0.006377
0.006439
0.006713
0.006746
0.006665
0.004779
0.006777
0.006910
0.006959
0.006822
0.006669
0.006394
0.006714
0.007219
0.006863
0.006794
0.006276
0.006974
0.006926
0.006915
0.006505
0.006374
0.006671
0.007020
0.006964
0.006656
0.007424
0.006708
0.006865
0.006922
0.006977
0.006894
0.006670
0.006756
0.006558
0.007181
0.006918
0.006946
0.006866
0.006499
0.007036
0.006545
0.006416
0.007046
0.004822
0.006655
0.006695
0.006456
0.006403
0.004861
0.004942
0.006548
0.006770
0.006667
0.006839
0.006657
0.006990
0.007028
0.006436
0.006974
0.006642
0.006479
0.006858
0.004773
0.006861
0.006580
0.006982
0.006537
0.006957
0.006609
0.007029
0.004607
0.006742
0.006970
0.006894
0.006983
0.006896
0.006389
0.006974
0.006893
0.007159
0.006718
0.006404
0.006860
0.007492
0.004921
0.006823
0.006757
0.006595
0.007032
0.006659
0.006759
0.006331
0.007025
0.007173
0.006315
0.007014
0.006926
0.006697
0.006531
0.006986
0.007096
0.007111
0.006730
0.007066
0.006802
0.006923
0.007547
0.006840
0.006982
0.006464
0.006478
0.006794
0.006982
0.006844
0.006727
0.006685
0.006695
0.006244
0.007406
0.006808
0.007180
0.006755
0.006575
0.006863
0.006999
0.007058
0.006398
0.006793
0.006627
0.008492
0.007026
0.006672
0.006684
0.006815
0.007081
0.006724
0.004753
0.006497
0.006572
0.006276
0.006840
0.006741
0.006941
0.006793
0.006476
0.006646
0.006763
0.006428
0.007048
0.007054
0.006890
0.006844
0.006158
0.006716
0.006667
0.006592
0.006801
0.006532
0.006527
0.006591
0.006518
0.007168
0.007152
0.007191
0.006729
0.006448
0.006677
0.006938
0.007326
0.006921
0.006488
0.006903
0.006949
0.006670
0.006380
0.006628
0.006608
0.007002
0.006780
0.006438
0.006923
0.007201
0.006932
0.006990
0.006451
0.006541
0.009547
0.006175
0.005971
0.006413
0.006085
0.006810
0.006710
0.006939
0.006923
0.007133
0.006535
0.005037
0.006401
0.007164
0.006871
0.006506
0.007009
0.006674
0.005001
0.006295
0.006279
0.007063
0.006667
0.006795
0.006634
0.006696
0.006745
0.006580
0.006949
0.006630
0.006585
0.007099
0.006619
0.006853
0.007167
0.007073
0.006717
0.006812
0.006900
0.006438
0.006866
0.006483
0.006675
0.006277
0.006381
0.006628
0.004619
0.007019
0.007017
0.007167
0.006893
0.006449
0.006534
0.007012
0.006957
0.006998
0.006833
0.006618
0.006632
0.006579
0.007187
0.007020
0.006724
0.007059
0.007247
0.007000
0.006378
0.006656
0.006907
0.007248
0.007163
0.006775
0.005998
0.006548
0.006850
0.006912
0.006951
0.006389
0.006373
0.004578
0.006433
0.006616
0.006624
0.006618
0.006925
0.006630
0.006972
0.007658
0.005326
0.004824
0.005173
0.005293
0.005153
0.006239
0.005023
0.004176
0.004761
0.005098
0.005358
0.005081
0.004577
0.005133
0.005544
0.005044
0.004127
0.004468
0.005147
0.004979
0.005086
0.004672
0.004744
0.004550
0.004720
0.004456
0.005373
0.005262
0.005477
0.004570
0.005269
0.004988
0.005065
0.005327
0.005284
0.004641
0.006319
0.006903
0.006566
0.006523
0.006654
0.006960
0.006944
0.006537
0.007422
0.007088
0.007102
0.006912
0.008205
0.004962
0.005142
0.003763
0.004453
0.006751
0.006983
0.006902
0.007124
0.006443
0.006618
0.006453
