0.006039
0.005430
0.005595
0.005137
0.005828
0.005984
0.005074
0.004641
0.006130
0.005482
0.006187
0.005715
0.005214
0.006354
0.006590
0.004127
0.003899
0.004757
0.006221
0.005643
0.005573
0.006657
0.004867
0.005277
0.005748
0.004853
0.004402
0.004392
0.004868
0.005496
0.005591
0.005492
0.006928
0.004915
0.003621
0.004051
0.004161
0.004831
0.004989
0.006418
0.006022
0.006635
0.004472
0.004205
0.003819
0.003798
0.004847
0.005096
0.005305
0.006312
0.005398
0.005518
0.005699
0.005618
0.005078
0.005841
0.006319
0.006193
0.004994
0.005439
0.005949
0.005064
0.006388
0.005344
0.006139
0.004120
0.004330
0.004309
0.005166
0.005260
0.005931
0.005879
0.005377
0.010321
0.004602
0.004204
0.004413
0.005570
0.005791
0.006166
0.005137
0.004246
0.004420
0.004059
0.005216
0.005699
0.005949
0.005809
0.005608
0.006163
0.005872
0.005604
0.006115
0.004466
0.004695
0.005173
0.004736
0.005212
0.005408
0.005396
0.005947
0.004140
0.003525
0.004371
0.005126
0.005872
0.006036
0.006216
0.006338
0.004392
0.004104
0.004643
0.005782
0.005763
0.005526
0.006177
0.006490
0.003896
0.003459
0.004685
0.004642
0.005450
0.005027
0.004838
0.005928
0.005917
0.005119
0.007840
0.005981
0.004047
0.003850
0.004016
0.006701
0.005752
0.005504
0.005336
0.005969
0.003471
0.003513
0.003286
0.003626
0.005903
0.005889
0.005132
0.006303
0.004511
0.003782
0.003628
0.003721
0.004552
0.005281
0.005533
0.005860
0.006095
0.005697
0.005658
0.004273
0.004407
0.004149
0.004207
0.005485
0.005783
0.006299
0.006661
0.003851
0.004175
0.004372
0.004409
0.005043
0.005796
0.005407
0.005907
0.006581
0.003949
0.004456
0.004550
0.003987
0.006162
0.005585
0.005288
0.006070
0.005508
0.005362
0.007258
0.004695
0.004201
0.003824
0.004442
0.004913
0.006449
0.004297
0.006050
0.005926
0.003918
0.004289
0.004492
0.005953
0.005145
0.005458
0.005619
0.006858
0.004756
0.004636
0.003928
0.004454
0.006385
0.005407
0.006616
0.007044
0.004898
0.004006
0.004045
0.004657
0.005524
0.005586
0.004770
0.005877
0.005524
0.006000
0.006375
0.004683
0.004401
0.004241
0.005673
0.004916
0.005707
0.006322
0.005518
0.004688
0.004297
0.004236
0.005041
0.005769
0.005361
0.006604
0.004331
0.004388
0.004519
0.004476
0.004896
0.005917
0.005394
0.005323
0.006075
0.005280
0.006021
0.006784
0.006634
0.003831
0.003982
0.003786
0.005543
0.005811
0.006453
0.007178
0.004435
0.004127
0.004713
0.004185
0.004451
0.004608
0.004912
0.006432
0.005745
0.004177
0.004200
0.004302
0.005567
0.005676
0.005670
0.004891
0.005149
0.006302
0.005320
0.006249
0.005950
0.003902
0.004042
0.003981
0.005353
0.004275
0.004485
0.005279
0.003154
0.003881
0.003128
0.004983
0.005310
0.005831
0.004820
0.006540
0.004129
0.003907
0.004471
0.004733
0.005962
0.006339
0.005950
0.006311
0.006459
0.004166
0.004484
0.004683
0.005300
0.004502
0.004888
0.005428
0.004558
0.006024
0.005940
0.006600
0.004314
0.003955
0.004397
0.004572
0.005580
0.006210
0.005501
0.005590
0.006306
0.004040
0.003740
0.004534
0.005266
0.005864
0.006530
0.004479
0.004397
0.004004
0.004399
0.006251
0.005862
0.005820
0.006335
0.005279
0.006179
0.006205
0.006398
0.004487
0.003784
0.004151
0.004380
0.005238
0.005536
0.007090
0.004332
0.004826
0.004591
0.003838
0.005737
0.005491
0.005444
0.006124
0.005963
0.006092
0.004393
0.004182
0.004722
0.005374
0.005649
0.005520
0.006028
0.005406
0.003883
0.006971
0.004310
0.004239
0.004424
0.003794
0.006389
0.005798
0.005712
0.006655
0.006910
0.004807
0.004396
0.004405
0.004083
0.005641
0.005765
0.005979
0.006454
0.004661
0.004306
0.004679
0.005232
0.005248
0.005726
0.010691
0.004047
0.003793
0.004011
0.004111
0.004996
0.005549
0.006147
0.005464
0.005309
0.004383
0.006353
0.004293
0.004280
0.003816
0.004603
0.006283
0.005619
0.005670
0.005776
0.004604
0.004261
0.004556
0.004687
0.004976
0.005307
0.005896
0.007256
0.003890
0.004342
0.004240
0.006092
0.005929
0.006052
0.005807
0.004930
0.006439
0.005738
0.006656
0.004722
0.004441
0.004403
0.005163
0.005866
0.005306
0.006705
0.006640
0.004051
0.004133
0.003629
0.005192
0.006073
0.005330
0.006551
0.006729
0.003905
0.003819
0.004323
0.005210
0.005139
0.005709
0.006398
0.005925
0.005438
0.006121
0.006682
0.004362
0.003778
0.004391
0.005046
0.004628
0.006024
0.005884
0.005632
0.003832
0.004074
0.003884
0.005255
0.005256
0.004649
0.005427
0.006312
0.003975
0.004218
0.004428
0.004905
0.004264
0.005657
0.005518
0.006168
0.003927
0.004405
0.004870
0.006222
0.005145
0.005653
0.006792
0.006124
0.006523
0.011753
0.004784
0.004400
0.005091
0.004324
0.005842
0.006058
0.005929
0.005050
0.006721
0.004944
0.004342
0.003849
