0.006099
0.004651
0.006125
0.007485
0.005950
0.009937
0.004935
0.004169
0.005464
0.005076
0.005544
0.006008
0.005947
0.006321
0.006215
0.006471
0.006076
0.006051
0.004764
0.006264
0.005652
0.006185
0.006249
0.005133
0.005831
0.006059
0.005681
0.006254
0.006476
0.006377
0.006837
0.008032
0.005268
0.005227
0.006614
0.006183
0.006062
0.005629
0.005933
0.006687
0.005575
0.006075
0.004554
0.006409
0.006251
0.006118
0.005462
0.005948
0.005653
0.005908
0.006177
0.005923
0.005954
0.006075
0.005913
0.006792
0.007110
0.004433
0.005747
0.003472
0.006297
0.006284
0.006285
0.004805
0.004533
0.005756
0.005279
0.007296
0.006045
0.006115
0.009820
0.004148
0.005883
0.005691
0.004931
0.006144
0.006148
0.006433
0.008384
0.004600
0.006295
0.005542
0.005481
0.005744
0.005569
0.004457
0.006749
0.005931
0.006168
0.006087
0.004577
0.006223
0.005899
0.006268
0.008036
0.004295
0.005921
0.005770
0.004550
0.006054
0.006501
0.005959
0.007658
0.005439
0.006049
0.006203
0.004286
0.006040
0.006230
0.006044
0.006098
0.006793
0.006821
0.005968
0.004930
0.004593
0.006216
0.006300
0.006186
0.005450
0.006295
0.005309
0.004992
0.006262
0.006062
0.006556
0.006366
0.006752
0.006142
0.005977
0.005998
0.004627
0.006085
0.005840
0.006043
0.007281
0.005777
0.004713
0.004508
0.004889
0.006144
0.006326
0.006120
0.008730
0.006048
0.006040
0.006173
0.005066
0.005510
0.006456
0.006246
0.006932
0.005777
0.006201
0.005188
0.004109
0.006353
0.004715
0.006253
0.007112
0.006218
0.004595
0.006020
0.006264
0.005884
0.005678
0.005702
0.006791
0.006416
0.004970
0.006296
0.005604
0.005812
0.006130
0.006104
0.006606
0.006740
0.005411
0.005733
0.006818
0.006145
0.006125
0.005657
0.006064
0.005183
0.004759
0.005926
0.005008
0.006152
0.005683
0.006447
0.005900
0.005485
0.005260
0.005624
0.007191
0.006263
0.006690
0.006174
0.006660
0.005955
0.006050
0.004836
0.005963
0.006161
0.006164
0.006141
0.006175
0.004993
0.006300
0.005805
0.004337
0.005896
0.006378
0.006761
0.005884
0.005917
0.005696
0.006280
0.005672
0.005494
0.005789
0.007513
0.006412
0.005796
0.004570
0.005970
0.006818
0.005863
0.006127
0.006258
0.006122
0.006308
0.005018
0.005854
0.005437
0.005990
0.006385
0.009234
0.006100
0.006207
0.005595
0.005363
0.006011
0.005897
0.005862
0.010188
0.005506
0.005514
0.004665
0.006465
0.005729
0.005931
0.006358
0.006323
0.004129
0.006105
0.004715
0.004727
0.006073
0.006165
0.006274
0.006186
0.007206
0.004984
0.005585
0.006259
0.005976
0.006298
0.006019
0.006284
0.006696
0.004784
0.004141
0.004630
0.006482
0.006023
0.005885
0.005785
0.006585
0.005045
0.004641
0.006018
0.005211
0.006258
0.005986
0.006180
0.007482
0.004683
0.005605
0.005911
0.004246
0.006082
0.006042
0.006262
0.006217
0.007583
0.006512
0.005788
0.006088
0.004348
0.005428
0.006303
0.006227
0.006797
0.004606
0.004744
0.005876
0.004730
0.005504
0.007145
0.006070
0.005980
0.006126
0.006831
0.004027
0.004668
0.004401
0.005976
0.006133
0.005639
0.004351
0.006777
0.005453
0.005812
0.005850
0.006171
0.006004
0.006091
0.006063
0.003905
0.005746
0.005741
0.004721
0.006224
0.006119
0.006073
0.007477
0.003892
0.005835
0.006169
0.004546
0.006110
0.005827
0.005874
0.006285
0.005562
0.005774
0.006234
0.005678
0.006026
0.006962
0.004656
0.005713
0.004636
0.004053
0.004678
0.006302
0.006545
0.006160
0.005804
0.005821
0.005917
0.004109
0.005999
0.006464
0.006597
0.006290
0.005981
0.006286
0.006028
0.006065
0.006161
0.006071
0.005671
0.005823
0.006207
0.006415
0.003887
0.006076
0.005974
0.005823
0.005819
0.006019
0.005910
0.004621
0.006217
0.004933
0.004506
0.006169
0.004432
0.006258
0.006167
0.006507
0.008785
0.004579
0.005387
0.005497
0.003608
0.006130
0.006210
0.006188
0.007239
0.004770
0.004871
0.005231
0.004873
0.005222
0.005921
0.005844
0.006480
0.006216
0.006795
0.005836
0.004874
0.004777
0.006245
0.006389
0.006107
0.005799
0.006081
0.005771
0.005839
0.006760
0.008026
0.004647
0.005288
0.004587
0.005842
0.006131
0.005894
0.005941
0.005503
0.006284
0.005992
0.006521
0.005973
0.006495
0.006961
0.005070
0.005477
0.005112
0.005324
0.006392
0.006158
0.006116
0.005931
0.005868
0.006347
0.006146
0.006180
0.005416
0.006331
0.003919
0.005779
0.006047
0.006689
0.006013
0.005096
0.005323
0.004528
0.004282
0.005602
0.006258
0.005901
0.008950
0.005338
0.005525
0.004542
0.004424
0.005885
0.006081
0.006210
0.009607
0.005339
0.005905
0.005954
0.005437
0.005833
0.004241
0.005892
0.006208
0.006415
0.005838
0.008555
0.004690
0.005678
0.005974
0.005379
0.005646
0.006013
0.005486
0.006340
0.006136
0.006161
0.004737
0.006196
0.005513
0.006043
0.006582
